114 128
42.7221 196.018 1.00313 -1.33011

0 0 0 7 9 0 0 0 1 33 45 50 32 0 0 0 9 74 19 3 
0 0 0 0 0 2 1 0 0 0 0 0 0 0 0 3 37 1 0 0 
6 56 21 45 157 14 0 0 78 157 15 12 30 0 0 0 15 40 3 0 
0 0 0 0 0 0 0 1 32 2 0 0 1 10 2 23 157 35 0 0 
92 157 7 16 104 7 0 0 74 157 0 0 0 0 0 0 0 0 0 2 
24 1 0 0 0 0 0 25 157 25 0 0 31 77 1 13 113 9 0 0 
95 157 0 0 0 0 0 0 
42.7221 196.018 1.00313 2.4606

0 0 0 4 23 0 0 0 0 0 0 46 161 0 0 1 21 0 0 13 
99 1 4 102 81 0 0 0 0 0 0 161 0 0 0 5 48 4 0 0 
5 0 0 41 161 10 5 27 76 0 0 4 61 7 9 161 33 0 0 0 
0 0 1 161 0 0 0 3 61 8 0 0 15 0 0 10 161 49 28 96 
68 0 0 0 9 5 10 161 8 0 0 0 0 0 0 28 0 0 0 0 
11 13 1 0 3 0 0 0 22 44 50 41 8 0 0 0 0 0 10 53 
0 0 0 0 0 0 0 1 
96.302 196.054 1.00446 -2.44775

0 0 0 13 11 0 0 0 3 37 52 47 22 0 0 0 8 48 18 1 
0 0 0 0 1 5 2 0 0 0 0 0 0 0 0 7 62 2 0 0 
15 92 28 52 160 8 0 0 77 160 10 6 10 0 0 0 11 21 0 0 
0 0 0 1 0 0 0 2 53 5 0 0 6 27 4 9 160 40 0 0 
86 160 6 5 60 4 0 0 35 160 0 0 0 0 0 0 0 0 0 2 
27 3 0 0 0 1 0 0 160 41 0 0 24 102 2 1 95 11 0 0 
87 160 0 0 0 0 0 0 
96.302 196.054 1.00446 1.29068

0 0 0 2 27 3 0 0 0 0 0 19 154 35 0 0 45 0 0 4 
91 13 1 86 104 0 0 0 0 0 0 154 0 0 0 5 30 2 0 0 
2 0 0 29 154 33 2 11 122 0 0 5 95 16 5 154 78 0 0 0 
0 0 0 144 0 0 0 2 31 7 0 0 7 0 0 9 154 53 20 52 
96 0 0 0 31 15 15 154 18 0 0 0 0 0 1 38 0 0 0 0 
5 9 2 0 1 0 0 0 30 55 44 30 11 0 0 0 1 4 21 75 
0 0 0 0 0 0 0 3 
178.039 226.135 1.23015 -1.85319

0 0 0 1 35 2 0 0 26 38 6 30 141 4 0 0 93 79 2 4 
4 0 0 0 6 3 0 0 0 0 0 0 0 0 0 0 44 3 0 0 
27 30 3 23 148 12 0 0 148 135 2 7 28 0 0 0 28 14 0 0 
0 0 0 0 0 0 0 2 37 2 0 0 12 12 1 15 148 19 0 0 
148 145 1 7 64 2 0 0 71 34 0 0 0 0 0 0 0 0 1 2 
25 1 0 0 2 2 0 8 148 17 0 0 148 98 0 4 81 4 0 0 
105 58 0 0 0 0 0 0 
178.039 226.135 1.23015 1.58609

0 0 0 1 36 0 0 0 5 0 0 6 153 2 0 4 153 0 0 0 
64 2 0 99 89 0 0 0 0 0 0 46 0 0 0 4 50 0 0 0 
19 0 0 7 153 8 1 16 153 0 0 0 50 5 1 145 54 0 0 0 
0 0 1 32 0 0 0 1 56 0 0 0 34 0 0 2 153 19 3 34 
153 0 0 0 22 6 2 128 22 0 0 0 0 0 0 10 0 0 0 0 
40 1 0 0 29 0 0 0 141 29 7 38 99 0 0 0 4 3 3 72 
5 0 0 0 0 0 0 2 
178.039 92.8651 1.23015 -1.28841

0 0 0 1 25 2 1 0 2 0 0 17 148 8 0 2 148 0 0 4 
81 4 0 98 105 0 0 0 0 0 0 58 0 0 0 2 37 2 0 0 
12 0 0 19 148 15 1 12 148 0 0 2 64 7 1 145 71 0 0 0 
0 0 0 34 0 0 0 3 44 0 0 0 27 0 0 12 148 23 3 30 
148 0 0 0 28 7 2 135 28 0 0 0 0 0 0 14 0 0 0 2 
35 1 0 0 26 0 0 4 141 30 6 38 93 0 0 0 4 4 2 79 
6 0 0 0 0 0 0 3 
178.039 92.8651 1.23015 1.5555

0 0 0 1 40 0 0 0 29 38 7 29 141 0 0 0 99 72 3 3 
4 0 0 0 5 2 0 0 0 0 0 0 0 0 0 0 56 1 0 0 
34 34 3 19 153 2 0 0 153 128 2 6 22 0 0 0 22 10 0 0 
0 0 0 0 0 0 0 0 50 4 0 0 19 16 1 8 153 7 0 0 
153 145 1 5 50 0 0 0 54 32 1 0 0 0 0 0 0 0 0 0 
36 1 0 0 5 4 0 2 153 6 0 0 153 99 0 2 64 0 0 0 
89 46 0 0 0 0 0 0 
69.5037 108.26 1.43345 -1.17563

0 0 0 6 25 0 0 0 0 0 0 56 162 0 0 0 9 0 0 21 
136 1 1 68 28 0 0 0 0 0 0 162 0 0 0 9 54 0 0 0 
0 0 0 43 162 17 8 13 37 0 0 8 82 13 16 162 45 0 0 0 
0 0 0 162 0 0 0 1 46 12 0 0 0 0 0 2 162 98 62 50 
13 0 0 0 11 15 46 162 9 0 0 0 0 0 0 66 0 0 0 0 
3 9 0 0 0 0 0 0 4 35 45 12 0 0 0 0 0 1 24 39 
0 0 0 0 0 0 2 3 
69.5037 108.26 1.43345 1.17694

0 0 0 9 2 0 0 0 0 12 45 36 4 0 0 0 0 41 23 1 
0 0 0 0 1 4 0 0 0 0 0 0 0 0 0 14 44 1 0 0 
0 50 62 98 162 2 0 0 15 162 47 14 11 0 0 0 12 66 0 0 
0 0 0 0 0 0 0 0 53 5 0 0 0 12 8 17 162 39 0 0 
39 162 16 13 83 7 0 0 49 162 0 0 0 0 0 0 0 0 0 0 
26 6 0 0 0 0 0 0 162 52 0 0 10 68 1 1 136 19 0 0 
31 162 0 0 0 0 0 0 
221.676 107.43 1.57638 0.0378459

0 0 0 0 0 3 66 3 22 0 0 0 0 0 58 27 147 4 3 0 
0 0 10 33 22 4 18 0 0 0 0 1 0 0 0 0 0 19 177 0 
2 0 0 0 12 56 177 14 31 8 37 27 93 62 87 25 3 10 164 15 
7 0 0 0 0 0 0 0 0 5 77 0 0 0 0 4 104 39 77 0 
0 0 5 41 177 32 9 0 0 1 44 17 40 0 0 0 0 0 0 0 
1 0 0 0 0 0 0 6 120 0 0 0 0 0 0 21 177 0 0 0 
0 0 0 2 36 0 0 0 
221.676 107.43 1.57638 1.52675

0 0 1 0 0 0 0 0 0 0 0 0 114 7 0 0 0 0 0 0 
177 25 0 0 0 0 0 0 40 7 1 0 0 0 80 5 0 0 0 0 
0 0 83 37 100 1 0 0 0 0 10 33 177 38 4 0 0 0 0 0 
39 31 41 0 0 0 177 22 0 0 0 0 3 12 177 52 11 0 0 0 
39 29 99 63 81 22 30 7 6 0 0 0 6 17 151 9 0 0 59 3 
0 0 0 0 26 13 58 1 0 0 0 0 164 27 10 0 0 0 1 2 
30 2 0 0 0 0 10 4 
17.1014 152.033 1.96197 1.69

0 0 0 0 0 12 67 0 0 0 0 0 0 11 57 0 48 0 0 0 
0 6 18 14 143 0 0 0 0 0 0 39 0 0 0 0 0 46 143 0 
0 0 0 0 10 100 143 0 56 0 0 0 52 121 79 22 143 0 0 0 
2 2 1 52 0 0 0 0 0 6 37 0 0 0 0 9 89 34 46 0 
66 0 0 26 143 36 5 13 143 0 0 0 5 0 0 41 0 0 0 0 
0 0 0 0 0 0 0 19 109 0 0 0 75 0 0 32 143 0 0 13 
143 0 0 0 1 0 0 29 
17.1014 152.033 1.96197 3.02119

0 0 0 0 0 0 0 0 0 0 0 0 111 20 0 0 0 0 0 0 
143 44 0 0 0 0 0 0 18 3 0 0 0 0 35 6 0 0 0 0 
0 0 44 33 90 10 0 0 0 0 5 34 143 35 0 0 0 0 0 0 
35 5 1 0 0 0 143 40 0 0 16 3 0 0 143 87 10 0 40 7 
0 0 40 104 90 9 88 11 0 0 0 2 15 5 135 20 0 0 26 4 
0 0 143 30 0 0 16 3 0 0 143 39 0 0 2 2 0 1 143 37 
0 0 0 0 0 0 143 30 
212.022 174.072 1.98474 -0.0846645

0 0 47 80 113 4 0 0 0 0 118 85 23 0 0 0 0 0 119 92 
12 0 0 0 0 0 88 75 9 0 0 0 0 0 0 3 136 26 0 0 
0 0 7 84 118 3 0 0 0 0 52 133 21 0 0 0 0 0 47 101 
10 0 0 0 0 0 0 0 136 31 0 0 0 0 0 15 136 18 0 0 
0 0 5 33 110 6 0 0 0 0 3 21 56 3 0 0 0 0 0 0 
136 27 0 0 0 0 0 0 136 25 0 0 0 0 0 0 106 16 0 0 
0 0 0 0 47 10 0 0 
226.978 174.072 1.98474 0.0846645

0 0 0 27 136 0 0 0 0 0 0 25 136 0 0 0 0 0 0 16 
106 0 0 0 0 0 0 10 47 0 0 0 0 0 0 31 136 0 0 0 
0 0 0 18 136 15 0 0 0 0 0 6 110 33 5 0 0 0 0 3 
56 21 3 0 0 0 0 26 136 3 0 0 0 0 0 3 118 84 7 0 
0 0 0 0 21 133 52 0 0 0 0 0 10 101 47 0 0 0 0 4 
113 80 47 0 0 0 0 0 23 85 118 0 0 0 0 0 12 92 119 0 
0 0 0 0 9 75 88 0 
11.9972 197.58 2.02707 -1.68052

0 0 0 2 1 0 0 0 0 1 22 13 0 0 0 0 0 14 19 1 
0 0 0 0 0 1 0 0 0 0 0 0 0 0 0 10 24 0 0 0 
5 27 100 152 115 1 0 0 99 166 98 27 8 0 0 0 23 14 0 0 
0 0 0 0 0 0 0 1 50 5 0 0 27 15 12 39 166 43 0 0 
166 114 12 9 62 6 0 0 77 15 0 0 0 0 0 0 0 0 0 0 
25 4 0 0 13 2 0 0 166 54 0 0 166 52 0 0 83 13 0 0 
91 14 0 0 0 0 0 0 
11.9972 197.58 2.02707 1.68055

0 0 0 4 25 0 0 0 13 0 0 54 166 0 0 2 166 0 0 13 
83 0 0 52 91 0 0 0 0 0 0 14 0 0 0 5 50 1 0 0 
27 0 0 43 166 39 12 15 166 0 0 6 62 10 12 113 77 0 0 0 
0 0 0 15 0 0 0 0 23 11 0 0 5 0 0 1 114 154 99 27 
100 0 0 0 8 28 98 166 23 0 0 0 0 0 0 14 0 0 0 0 
0 1 0 0 0 0 0 0 0 14 20 1 1 0 0 0 0 1 20 13 
0 0 0 0 0 0 0 1 
116.999 117.645 2.10027 -3.08017

0 0 0 2 27 0 0 0 0 0 0 32 180 0 0 0 0 0 1 32 
126 0 0 0 0 0 3 38 0 0 0 0 0 0 0 6 43 1 0 0 
0 0 0 36 180 45 8 0 0 0 0 44 125 42 70 0 0 0 1 18 
1 9 75 0 0 0 0 0 18 11 0 0 0 0 0 1 113 171 100 0 
0 0 0 0 18 109 180 0 0 0 0 0 0 36 180 0 0 0 0 0 
0 1 0 0 0 0 0 0 0 10 20 0 0 0 0 0 0 7 62 0 
0 0 0 0 0 5 67 0 
116.999 117.645 2.10027 -1.69134

0 0 0 1 0 0 0 0 0 0 19 13 0 0 0 0 0 1 62 10 
0 0 0 0 0 0 73 13 0 0 0 0 0 0 0 8 20 0 0 0 
0 0 99 170 109 1 0 0 0 2 170 110 12 0 0 0 0 0 170 58 
0 0 0 0 0 0 0 1 41 5 0 0 0 0 11 52 170 47 0 0 
0 21 89 40 119 11 0 0 0 28 54 6 0 0 0 0 0 0 0 0 
19 3 0 0 0 0 0 0 170 62 0 0 0 6 2 1 163 27 0 0 
0 29 5 0 0 0 0 0 
222.442 106.645 2.17257 0.0289254

0 0 0 3 137 12 27 0 26 0 0 0 0 0 34 16 130 3 2 0 
0 0 5 19 14 3 12 0 0 0 0 0 0 0 0 0 99 75 145 0 
3 0 0 0 10 39 145 15 32 8 36 22 68 43 64 22 2 7 134 9 
3 0 0 0 0 0 0 2 104 17 56 0 0 0 0 2 91 29 69 0 
0 0 7 28 145 24 8 0 0 1 39 10 25 0 0 0 0 0 0 1 
65 17 111 0 0 0 0 2 82 29 116 0 0 0 0 7 145 63 74 0 
0 0 0 0 19 9 81 0 
222.442 106.645 2.17257 1.52909

0 0 118 19 58 2 0 0 0 0 116 30 80 3 0 0 0 0 70 61 
144 11 0 0 0 0 76 10 19 1 0 0 0 0 56 18 100 3 0 0 
0 0 72 29 85 2 0 0 0 0 9 26 144 34 6 0 0 0 0 0 
24 17 41 1 0 0 144 80 103 0 0 0 4 11 144 41 9 0 0 0 
38 25 72 44 59 19 30 7 4 0 0 0 3 10 124 9 0 0 26 12 
143 5 0 0 25 9 33 0 0 0 0 0 136 18 5 0 0 0 1 2 
19 0 0 0 0 0 7 3 
141.748 235.747 2.18589 3.04053

0 0 0 1 0 0 0 0 0 0 16 12 0 0 0 0 0 0 59 9 
0 0 0 0 0 0 72 11 0 0 0 0 0 0 0 6 16 0 0 0 
0 0 91 168 112 1 0 0 0 0 172 129 16 0 0 0 0 0 172 87 
1 1 0 0 0 0 0 0 35 3 0 0 0 0 9 48 172 41 0 0 
0 0 67 47 130 13 0 0 0 0 39 19 4 14 1 0 0 0 0 0 
17 2 0 0 0 0 0 0 172 50 0 0 0 0 0 0 154 22 0 0 
0 0 0 0 0 2 0 0 
141.748 235.747 2.18589 1.67584

0 0 0 3 18 0 0 0 0 0 0 39 176 2 0 0 0 0 0 9 
156 11 7 11 0 0 0 0 0 0 2 10 0 0 0 5 37 1 0 0 
0 0 0 40 176 50 9 0 0 0 0 8 129 46 73 0 0 0 0 0 
0 9 56 0 0 0 0 0 15 10 0 0 0 0 0 1 103 171 97 0 
0 0 0 0 15 124 176 0 0 0 0 0 0 58 176 0 0 0 0 0 
0 0 0 0 0 0 0 0 0 9 16 0 0 0 0 0 0 10 55 0 
0 0 0 0 0 10 68 0 
202.264 126.74 2.18676 -1.66758

0 0 0 0 0 0 0 0 0 0 15 9 0 0 0 0 0 0 55 9 
0 0 0 0 0 0 66 9 0 0 0 0 0 0 0 6 15 0 0 0 
0 0 95 170 108 1 0 0 0 0 176 122 15 0 0 0 0 0 176 55 
0 0 0 0 0 0 0 1 35 3 0 0 0 0 9 50 176 40 0 0 
0 0 74 44 130 11 0 0 0 0 60 9 0 0 0 0 0 0 0 0 
18 2 0 0 0 0 0 0 176 48 0 0 0 0 0 0 155 20 0 0 
0 0 1 0 1 0 0 0 
202.264 126.74 2.18676 -3.0459

0 0 0 2 18 0 0 0 0 0 0 47 176 0 0 0 0 0 0 20 
155 0 0 0 0 0 0 0 0 0 2 0 0 0 0 3 36 1 0 0 
0 0 0 39 176 51 9 0 0 0 0 11 130 45 75 0 0 0 0 0 
0 9 61 0 0 0 0 0 15 7 0 0 0 0 0 1 108 170 95 0 
0 0 0 0 15 121 176 0 0 0 0 0 0 54 176 0 0 0 0 0 
0 0 0 0 0 0 0 0 0 9 15 0 0 0 0 0 0 9 54 0 
0 0 0 0 0 9 65 0 
202.277 224.792 2.18685 -1.62603

0 0 0 0 0 0 0 0 0 0 16 9 0 0 0 0 0 0 54 6 
0 0 0 0 0 0 58 4 0 0 0 0 0 0 0 7 16 0 0 0 
0 0 102 173 113 0 0 0 0 0 182 99 16 0 0 0 0 0 182 32 
0 0 0 0 0 0 0 1 41 2 0 0 0 0 10 51 182 37 0 0 
0 0 81 38 115 30 3 0 0 0 87 16 8 3 0 0 0 0 0 0 
24 2 0 0 0 0 0 0 182 47 0 0 0 0 0 0 116 55 3 0 
0 0 2 3 24 26 3 0 
202.277 224.792 2.18685 -3.0523

0 0 0 2 20 0 0 0 0 0 0 46 178 0 0 0 0 0 0 18 
157 5 3 1 2 0 0 0 9 6 21 10 0 0 0 3 38 1 0 0 
0 0 0 37 178 52 11 0 1 0 0 9 120 35 85 13 1 0 0 0 
0 2 79 33 0 0 0 0 16 7 0 0 0 0 0 1 109 171 101 0 
0 0 0 0 14 96 178 3 0 0 0 0 0 25 178 7 0 0 0 0 
0 0 0 0 0 0 0 0 0 9 15 0 0 0 0 0 0 7 54 0 
0 0 0 0 0 6 60 0 
236.723 224.792 2.18685 3.0523

0 0 0 0 0 0 0 0 0 0 15 9 0 0 0 0 0 0 54 7 
0 0 0 0 0 0 60 6 0 0 0 0 0 0 0 7 16 0 0 0 
0 0 101 171 109 1 0 0 0 3 178 96 14 0 0 0 0 7 178 25 
0 0 0 0 0 0 0 1 38 3 0 0 0 0 11 52 178 37 0 0 
1 13 85 35 120 9 0 0 1 33 79 2 0 0 0 0 0 0 0 0 
20 2 0 0 0 0 0 0 178 46 0 0 0 1 3 5 157 18 0 0 
2 10 21 6 9 0 0 0 
236.723 224.792 2.18685 1.62603

0 0 0 2 24 0 0 0 0 0 0 47 182 0 0 0 0 0 3 55 
116 0 0 0 0 0 3 26 24 3 2 0 0 0 0 2 41 1 0 0 
0 0 0 37 182 51 10 0 0 0 3 30 115 38 81 0 0 0 0 3 
8 16 87 0 0 0 0 0 16 7 0 0 0 0 0 0 113 173 102 0 
0 0 0 0 16 99 182 0 0 0 0 0 0 32 182 0 0 0 0 0 
0 0 0 0 0 0 0 0 0 9 16 0 0 0 0 0 0 6 54 0 
0 0 0 0 0 4 58 0 
142.728 172.734 2.18943 1.66835

18 0 0 2 18 0 0 11 0 0 0 44 175 0 0 0 0 0 0 16 
156 6 4 0 0 0 0 0 0 2 12 0 4 0 0 3 35 1 0 2 
0 0 0 39 175 50 9 0 0 0 0 11 130 44 74 0 0 0 0 0 
0 8 60 0 0 0 0 0 15 7 0 0 0 0 0 1 107 168 94 0 
0 0 0 0 15 121 175 0 0 0 0 0 0 54 175 0 0 0 1 2 
0 0 0 0 0 1 24 8 0 9 14 0 0 4 39 0 0 9 53 0 
0 2 20 0 0 9 65 0 
142.728 172.734 2.18943 3.04584

0 0 0 0 0 0 1 0 0 0 15 9 0 0 2 0 0 0 54 9 
0 0 4 0 0 0 64 10 0 0 7 0 6 7 0 6 14 0 0 0 
0 0 93 167 106 1 0 0 0 0 173 119 15 0 0 0 0 0 173 63 
0 0 0 0 48 13 0 1 34 3 0 0 0 0 9 50 173 38 0 0 
0 0 74 44 128 11 0 0 0 0 56 13 6 0 0 0 67 9 0 0 
17 2 0 0 0 0 0 0 173 47 0 0 0 0 0 0 152 21 0 0 
0 0 0 0 5 0 0 0 
45.2679 191.696 2.19199 -1.33589

0 0 0 5 6 0 0 0 0 26 36 36 21 0 0 0 4 52 14 1 
0 0 0 0 0 2 0 0 0 0 0 0 0 0 0 3 35 0 0 0 
5 65 30 61 159 2 0 0 66 159 19 14 20 0 0 0 12 29 0 0 
0 0 0 0 0 0 0 0 35 1 0 0 2 18 4 11 159 29 0 0 
105 159 6 9 93 5 0 0 61 147 0 0 0 0 0 0 0 0 0 0 
22 1 0 0 0 0 0 1 159 21 0 0 37 101 1 4 127 6 0 0 
92 159 0 0 0 0 0 0 
45.2679 191.696 2.19199 2.46897

0 0 0 3 16 0 0 0 0 0 0 48 159 0 0 0 22 0 0 19 
137 2 2 99 76 0 0 0 0 0 0 159 0 0 0 5 34 0 0 0 
2 0 0 49 159 9 4 20 86 0 0 8 90 8 7 159 46 0 0 0 
0 0 0 159 0 0 0 1 41 6 0 0 4 0 0 9 159 59 35 81 
49 0 0 0 16 9 18 159 7 0 0 0 0 0 0 32 0 0 0 0 
7 8 0 0 0 0 0 0 16 36 36 31 3 0 0 0 0 0 9 47 
0 0 0 0 0 0 0 1 
236.731 126.722 2.19343 3.04472

0 0 0 0 0 0 0 0 0 0 15 9 0 0 0 0 0 0 54 9 
0 0 0 0 0 0 65 9 0 0 0 0 0 0 0 7 15 0 0 0 
0 0 95 170 107 1 0 0 0 0 176 122 15 0 0 0 0 0 176 52 
0 0 0 0 0 0 0 1 36 3 0 0 0 0 9 51 176 39 0 0 
0 0 75 45 131 11 0 0 0 0 61 8 0 0 0 0 0 0 0 0 
18 2 0 0 0 0 0 0 176 50 0 0 0 0 0 0 154 23 0 0 
0 0 0 0 0 0 1 0 
236.731 126.722 2.19343 1.66739

0 0 0 2 17 0 0 0 0 0 0 50 176 0 0 0 0 0 1 24 
153 0 0 0 0 0 3 0 0 0 0 0 0 0 0 3 35 1 0 0 
0 0 0 39 176 51 9 0 0 0 0 11 131 45 75 0 0 0 0 0 
0 8 61 0 0 0 0 0 15 6 0 0 0 0 0 1 109 170 94 0 
0 0 0 0 16 122 176 0 0 0 0 0 0 52 176 0 0 0 0 0 
0 0 0 0 0 0 0 0 0 10 15 0 0 0 0 0 0 9 55 0 
0 0 0 0 0 8 67 0 
236.728 92.2683 2.19538 1.47487

0 0 0 0 0 0 0 0 0 0 15 9 0 0 0 0 0 0 55 9 
0 0 0 0 0 0 65 9 0 0 0 0 0 0 0 6 15 0 0 0 
0 0 95 169 109 1 0 0 0 0 176 121 16 0 0 0 0 0 176 56 
0 0 0 0 0 0 0 1 35 3 0 0 0 0 9 50 176 39 0 0 
0 0 75 44 130 11 0 0 0 0 60 9 1 0 0 0 0 0 0 0 
17 2 0 0 0 0 0 0 176 47 0 0 0 0 1 1 156 19 0 0 
0 0 4 1 1 0 0 0 
236.728 92.2683 2.19538 0.0948886

0 0 0 2 18 0 0 0 0 0 0 47 176 0 0 0 0 0 0 19 
154 1 1 0 0 0 0 0 1 1 3 0 0 0 0 3 36 1 0 0 
0 0 0 39 176 51 10 0 0 0 0 11 129 44 76 0 0 0 0 0 
1 10 60 0 0 0 0 0 15 7 0 0 0 0 0 1 108 169 96 0 
0 0 0 0 15 120 176 0 0 0 0 0 0 56 176 0 0 0 0 0 
0 0 0 0 0 0 0 0 0 9 15 0 0 0 0 0 0 9 54 0 
0 0 0 0 0 9 65 0 
202.278 92.277 2.20368 -1.47479

0 0 0 2 17 0 0 0 0 0 0 49 176 0 0 0 0 0 0 23 
154 0 0 0 1 0 2 0 0 0 0 0 0 0 0 3 34 1 0 0 
0 0 0 38 176 51 9 0 0 0 0 11 131 46 76 0 1 0 0 0 
0 8 63 1 0 0 0 0 14 6 0 0 0 0 0 1 108 168 95 0 
0 0 0 0 16 121 176 0 0 0 0 0 0 52 176 0 0 0 0 0 
0 0 0 0 0 0 0 0 0 9 15 0 0 0 0 0 0 9 54 0 
0 0 0 0 0 8 65 0 
202.278 92.277 2.20368 -0.0942728

0 0 0 0 0 0 0 0 0 0 14 9 0 0 0 0 0 0 53 9 
0 0 0 0 0 0 64 8 0 0 0 0 0 0 0 6 14 0 0 0 
0 0 95 168 107 1 0 0 0 0 176 121 16 0 0 0 0 0 176 51 
0 0 0 0 0 0 0 1 35 3 0 0 0 0 10 51 176 38 0 0 
0 0 75 46 132 11 0 0 0 0 63 8 0 0 0 0 0 0 0 0 
18 2 0 0 0 0 0 0 176 48 0 0 0 0 0 0 153 23 1 0 
0 0 0 0 0 0 3 1 
141.714 192.294 2.20959 0.0980106

56 0 0 2 17 0 0 8 0 0 0 49 175 0 0 0 0 0 0 22 
155 0 0 0 0 0 0 0 0 0 0 0 46 0 0 3 34 0 0 9 
0 0 0 40 175 48 9 0 0 0 0 12 130 44 74 0 0 0 0 0 
0 8 60 0 9 0 0 0 17 6 0 8 0 0 0 1 110 160 96 0 
0 0 0 0 16 117 175 0 0 0 0 0 0 54 175 0 0 0 0 0 
0 1 0 0 0 0 0 0 0 9 18 0 0 0 0 0 0 8 55 0 
0 0 0 0 0 9 65 0 
141.714 192.294 2.20959 1.48266

0 0 0 1 0 3 1 0 0 0 17 8 0 6 29 1 0 0 53 8 
0 0 35 4 0 0 62 7 0 0 18 2 0 0 0 8 17 1 0 0 
0 0 99 164 106 1 0 0 0 0 177 114 15 0 0 0 0 0 177 49 
0 0 0 0 0 0 0 0 35 5 0 0 0 0 10 49 177 39 0 0 
0 0 78 44 129 10 0 0 0 0 65 8 0 0 0 0 0 0 0 0 
19 2 0 0 0 0 0 0 177 45 0 0 0 0 0 0 153 19 0 0 
0 0 0 0 0 0 0 0 
37.701 102.295 2.21496 0.0953895

0 0 0 2 17 0 0 0 0 0 0 48 177 0 0 0 0 0 0 21 
157 0 0 0 0 0 0 0 0 0 0 0 0 0 0 3 34 0 0 0 
0 0 0 40 177 49 10 0 0 0 0 11 132 45 76 0 0 0 0 0 
0 8 62 0 0 0 0 0 17 5 0 0 0 0 0 1 112 161 96 0 
0 0 0 0 16 118 177 0 0 0 0 0 0 53 177 0 0 0 0 0 
0 1 0 0 0 0 0 0 0 9 18 0 0 0 0 0 0 7 55 0 
0 0 0 0 0 8 64 0 
37.701 102.295 2.21496 1.47797

0 0 1 1 0 0 0 0 0 0 17 7 0 0 0 0 0 0 53 8 
0 0 0 0 0 0 63 8 0 0 0 0 0 0 0 7 17 1 0 0 
0 0 100 164 106 1 0 0 0 0 177 118 15 0 0 0 0 0 177 52 
0 0 0 0 0 0 0 0 34 6 0 0 0 0 10 50 177 41 0 0 
0 0 78 45 131 11 0 0 0 0 64 8 0 0 0 0 0 0 0 0 
18 2 0 0 0 0 0 0 177 47 0 0 0 0 0 0 156 20 0 0 
0 0 0 0 0 0 0 0 
37.7005 146.708 2.22126 1.66308

3 1 0 3 17 0 0 0 0 0 0 47 175 0 0 0 0 0 0 20 
154 0 0 0 0 0 0 0 0 0 0 0 11 5 1 5 31 1 0 0 
0 0 0 40 175 50 10 0 0 0 0 10 129 45 78 0 0 0 0 0 
0 8 64 0 35 10 0 0 13 7 1 1 0 0 0 1 103 164 99 0 
0 0 0 0 15 116 175 0 0 0 0 0 0 51 175 0 60 17 0 0 
0 0 0 0 0 0 0 0 0 8 15 0 0 0 0 0 0 8 52 0 
0 0 0 0 0 8 62 0 
37.7005 146.708 2.22126 3.04607

0 0 0 0 0 0 67 62 0 0 14 8 0 0 24 21 1 1 52 6 
0 0 2 4 0 0 63 8 0 0 0 0 0 0 0 5 16 0 2 0 
0 0 92 159 111 1 0 0 0 0 174 115 16 0 0 0 0 0 174 52 
0 0 0 0 0 0 0 0 33 3 0 0 0 0 9 48 174 39 0 0 
0 0 74 44 130 11 0 0 0 0 60 8 0 0 0 0 0 0 0 0 
16 2 0 0 0 0 0 0 174 47 0 0 0 0 0 0 155 21 0 0 
0 0 0 0 0 0 0 0 
117.27 235.704 2.22162 -1.6628

0 0 0 0 0 0 0 0 0 0 15 8 0 0 0 0 0 0 52 8 
0 0 0 0 0 0 62 8 0 0 0 0 0 0 0 7 15 0 0 0 
0 0 98 169 106 1 0 0 0 0 177 117 15 0 0 0 0 0 177 51 
0 0 0 0 0 0 0 1 35 4 0 0 0 0 10 51 177 43 0 0 
0 0 78 44 128 11 0 0 0 0 63 8 0 0 0 0 0 0 0 0 
17 2 0 0 0 0 0 0 177 48 0 0 0 0 0 0 154 20 0 0 
0 0 0 0 0 0 0 0 
117.27 235.704 2.22162 -3.05995

0 0 0 2 19 0 0 0 0 0 0 42 180 0 0 0 0 0 0 17 
151 0 0 0 0 0 0 0 0 0 0 0 0 0 0 2 35 1 0 0 
0 0 0 34 180 50 10 0 0 0 0 9 130 42 80 0 0 0 0 0 
0 8 68 0 0 0 0 0 15 6 0 0 0 0 0 1 111 167 96 0 
0 0 0 0 16 107 180 0 0 0 0 0 0 45 180 0 0 0 0 0 
0 0 0 0 0 0 0 0 0 9 16 0 0 0 0 0 0 6 54 0 
0 0 0 0 0 6 60 0 
236.751 166.489 2.22618 0.0857783

0 0 0 1 14 0 0 0 0 0 0 34 158 0 0 0 0 0 0 21 
158 17 0 0 0 0 0 3 86 62 14 0 0 0 0 2 27 0 0 0 
0 0 0 27 158 42 6 0 0 0 0 9 158 86 44 0 0 0 0 0 
25 111 57 0 0 0 0 0 10 5 0 0 0 0 0 0 83 136 69 0 
0 0 0 0 17 146 158 0 0 0 0 0 2 102 158 0 0 0 0 0 
0 0 0 0 0 0 0 0 0 6 11 0 0 0 0 0 0 8 43 0 
0 0 0 0 0 9 58 0 
236.751 166.489 2.22618 1.36669

0 0 0 0 0 0 0 0 0 0 10 8 0 0 0 0 0 0 47 17 
0 0 0 0 0 0 73 25 0 0 0 0 0 0 0 4 10 0 0 0 
0 0 63 141 82 2 0 0 0 0 148 148 13 0 0 0 0 0 148 97 
0 0 0 0 0 0 0 0 20 3 0 0 0 0 6 46 148 48 0 0 
0 0 65 108 134 10 0 0 0 0 102 111 18 0 0 0 0 0 0 0 
6 1 0 0 0 0 0 0 148 62 0 0 0 0 2 50 148 28 0 0 
0 0 7 64 78 0 0 0 
202.249 166.489 2.22618 -1.36669

1 0 0 1 6 0 0 0 0 0 0 62 148 0 0 0 0 0 0 28 
148 50 2 0 0 0 0 0 78 64 7 0 0 0 0 3 20 0 0 0 
0 0 0 48 148 46 6 0 0 0 0 10 134 108 65 0 0 0 0 0 
18 111 102 0 0 0 0 0 10 4 0 0 0 0 0 2 82 141 63 0 
0 0 0 0 13 148 148 0 0 0 0 0 0 97 148 0 0 0 0 0 
0 0 0 0 0 0 0 0 0 8 10 0 0 0 0 0 0 17 47 0 
0 0 0 0 0 25 73 0 
202.249 166.489 2.22618 -0.0857783

0 0 0 0 0 0 0 0 0 0 11 6 0 0 0 0 0 0 43 8 
0 0 0 0 0 0 58 9 0 0 0 0 0 0 0 5 10 0 0 0 
0 0 69 136 83 0 0 0 0 0 158 146 17 0 0 0 0 0 158 102 
2 0 0 0 0 0 0 0 27 2 0 0 0 0 6 42 158 27 0 0 
0 0 44 86 158 9 0 0 0 0 57 111 25 0 0 0 0 0 0 0 
14 1 0 0 0 0 0 0 158 34 0 0 0 0 0 17 158 21 0 0 
0 0 14 62 86 3 0 0 
50.3053 61.8798 2.22845 -3.06543

0 0 0 2 28 0 0 0 0 0 0 25 183 15 0 0 0 0 0 6 
152 43 43 0 0 0 0 0 0 8 75 0 0 0 0 5 48 0 0 0 
0 0 0 40 183 15 1 0 0 0 0 10 156 21 24 0 0 0 0 0 
0 3 28 0 0 0 0 4 52 0 0 0 0 0 0 9 183 69 7 0 
0 0 0 0 71 75 127 0 0 0 0 0 0 15 146 0 0 0 0 4 
46 0 0 0 0 0 0 23 183 6 0 0 0 0 0 3 49 9 15 0 
0 0 0 0 0 2 22 0 
117.304 192.318 2.23277 -1.47773

3 2 0 2 15 0 0 0 0 0 0 65 175 0 0 0 0 0 0 66 
134 0 0 0 0 0 1 12 0 0 0 0 6 0 0 3 33 0 0 1 
0 0 0 47 175 49 10 0 0 0 0 20 128 45 78 0 0 0 0 0 
0 8 64 0 1 0 0 0 16 6 0 1 0 0 0 1 111 164 97 0 
0 0 0 0 16 118 175 0 0 0 0 0 0 52 175 0 0 0 0 2 
0 1 0 0 0 0 24 8 0 9 16 0 0 4 38 0 0 7 53 0 
0 2 20 0 0 8 63 0 
117.304 192.318 2.23277 -0.0952135

0 0 0 0 0 0 0 0 0 0 15 8 0 0 4 0 0 0 52 7 
0 0 4 1 0 0 58 6 0 0 0 0 6 7 0 8 14 0 0 0 
0 0 97 163 107 1 0 0 0 0 176 107 16 0 0 0 0 7 176 28 
0 0 0 0 46 11 0 0 33 4 0 0 0 0 10 49 176 40 0 0 
0 1 80 41 131 11 0 0 0 23 70 1 0 0 0 0 61 8 0 0 
17 2 0 0 0 0 0 0 176 48 0 0 0 0 0 0 156 21 0 0 
0 2 0 0 0 0 0 0 
142.668 142.319 2.23446 1.4758

0 0 0 1 0 0 1 0 0 0 16 8 0 0 0 0 0 0 52 8 
0 0 0 0 0 0 63 8 0 0 0 0 0 0 0 7 16 0 0 0 
0 0 98 164 108 1 0 0 0 0 177 120 16 0 0 0 0 0 177 53 
0 0 0 0 2 1 0 0 34 4 0 0 0 0 10 50 177 40 0 0 
0 0 78 45 133 11 0 0 0 0 63 8 0 0 0 0 10 7 0 0 
17 2 0 0 0 0 0 0 177 52 0 0 0 0 0 0 148 31 6 0 
0 0 0 0 0 0 13 2 
142.668 142.319 2.23446 0.094556

1 0 0 2 16 0 0 0 0 0 0 48 177 0 0 0 0 0 0 21 
158 0 0 0 5 1 0 0 0 0 0 0 0 0 0 3 33 0 0 0 
0 0 0 40 177 50 10 0 0 0 0 11 133 45 77 0 5 0 0 0 
0 6 62 4 0 0 0 0 16 6 0 0 0 0 0 1 110 163 95 0 
0 0 0 0 16 119 177 0 0 0 0 0 0 46 177 2 0 0 0 0 
0 1 0 0 0 0 1 0 0 8 16 0 0 0 2 0 0 8 53 0 
0 0 4 0 0 8 63 0 
66.3271 61.8894 2.24083 -3.08978

0 0 0 3 32 0 0 0 0 0 0 17 196 16 0 0 0 0 0 3 
144 33 35 0 0 0 0 0 0 4 57 0 0 0 0 2 52 0 0 0 
0 0 0 28 196 11 0 0 0 0 0 7 161 17 20 0 0 0 0 0 
0 1 25 0 0 0 0 1 54 1 0 0 0 0 0 6 196 53 3 0 
0 0 0 0 89 61 94 0 0 0 0 0 0 8 116 0 0 0 0 2 
46 0 0 0 0 0 0 18 196 4 0 0 0 0 0 2 67 7 10 0 
0 0 0 0 0 1 15 0 
12.2999 102.321 2.24189 -0.0946245

0 0 0 0 0 0 0 0 0 0 15 8 0 0 0 0 0 0 52 8 
0 0 0 0 0 0 62 8 0 0 0 0 0 0 0 6 15 0 0 0 
0 0 98 163 108 1 0 0 0 0 177 117 16 0 0 0 0 0 177 53 
0 0 0 0 0 0 0 0 33 3 0 0 0 0 10 49 177 41 0 0 
0 0 78 45 133 11 0 0 0 0 64 9 0 0 0 0 0 0 0 0 
16 2 0 0 0 0 0 0 177 48 0 0 0 0 0 0 158 21 0 0 
0 0 0 0 0 0 0 0 
12.2999 102.321 2.24189 -1.47669

0 0 0 2 16 0 0 0 0 0 0 48 177 0 0 0 0 0 0 21 
158 0 0 0 0 0 0 0 0 0 0 0 0 0 0 3 33 0 0 0 
0 0 0 41 177 49 10 0 0 0 0 11 133 45 77 0 0 0 0 0 
0 9 63 0 0 0 0 0 15 6 0 0 0 0 0 1 109 163 97 0 
0 0 0 0 16 117 177 0 0 0 0 0 0 53 177 0 0 0 0 0 
0 0 0 0 0 0 0 0 0 8 15 0 0 0 0 0 0 7 52 0 
0 0 0 0 0 8 62 0 
226.731 216.719 2.24406 1.25205

0 0 0 17 74 12 0 0 0 0 6 21 54 0 0 0 0 0 25 19 
0 0 0 0 1 16 18 8 0 0 0 0 0 0 0 17 135 53 0 0 
0 0 2 21 88 4 1 0 0 0 14 15 8 2 11 5 1 2 7 4 
0 0 16 14 0 0 0 8 135 116 0 0 0 0 0 14 49 17 18 7 
0 0 0 0 3 5 89 51 0 0 0 0 0 0 135 95 0 0 0 0 
135 135 45 5 0 0 0 2 16 33 135 118 0 0 0 0 0 0 135 135 
0 0 0 0 0 0 135 135 
226.731 216.719 2.24406 3.10599

0 0 83 108 170 2 0 0 1 19 170 21 10 0 0 0 1 31 170 1 
0 0 0 0 1 26 170 0 0 0 0 0 0 0 1 6 170 16 0 0 
1 17 27 12 50 1 0 0 3 52 55 2 0 0 0 0 3 48 42 0 
0 0 0 0 0 0 0 0 170 19 0 0 1 1 3 6 99 2 0 0 
25 14 9 1 8 0 0 0 31 13 5 0 0 0 0 0 0 0 0 0 
170 16 0 0 1 0 0 0 88 6 0 0 24 1 0 0 8 1 1 3 
28 1 0 0 0 0 1 4 
212.269 216.719 2.24406 -3.10599

0 0 0 16 170 0 0 0 1 0 0 6 88 0 0 0 24 3 1 1 
8 0 0 1 28 4 1 0 0 0 0 1 0 0 0 19 170 0 0 0 
1 0 0 2 99 6 3 1 25 0 0 0 8 1 9 14 31 0 0 0 
0 0 5 13 0 0 0 16 170 6 1 0 1 0 0 1 50 12 27 17 
3 0 0 0 0 2 55 52 3 0 0 0 0 0 42 48 0 0 0 2 
170 108 83 0 1 0 0 0 10 21 170 19 1 0 0 0 0 1 170 31 
1 0 0 0 0 0 170 26 
212.269 216.719 2.24406 -1.25205

0 5 45 135 135 0 0 0 0 118 135 33 16 2 0 0 0 135 135 0 
0 0 0 0 0 135 135 0 0 0 0 0 0 0 0 116 135 8 0 0 
0 7 18 17 49 14 0 0 0 51 89 5 3 0 0 0 0 95 135 0 
0 0 0 0 0 0 0 53 135 17 0 0 0 0 1 4 88 21 2 0 
0 5 11 2 8 15 14 0 1 14 16 0 0 4 7 2 0 0 0 12 
74 17 0 0 0 0 0 0 54 21 6 0 0 0 0 0 0 19 25 0 
1 0 0 0 0 8 18 16 
150.734 117.902 2.2584 3.09517

0 0 0 2 1 0 35 23 0 7 30 16 2 0 12 7 0 18 16 0 
0 0 2 1 0 1 0 0 0 0 0 0 0 0 0 4 26 2 0 0 
0 49 74 87 163 3 0 0 0 169 76 16 14 0 0 0 1 65 6 0 
0 0 0 0 0 0 0 0 35 3 0 0 0 13 10 17 169 20 0 0 
0 169 39 12 98 3 0 0 0 169 21 0 0 0 0 0 0 0 0 0 
22 1 0 0 0 0 0 0 169 22 0 0 0 30 2 0 121 7 0 0 
0 169 13 0 0 0 0 0 
150.734 117.902 2.2584 0.892302

0 0 0 2 14 0 0 0 0 0 0 47 159 0 0 0 0 0 0 21 
143 0 3 18 0 0 0 0 0 0 22 143 0 0 0 6 29 0 0 0 
0 0 0 47 159 15 11 10 0 0 0 11 105 11 62 159 0 0 0 0 
0 0 52 159 0 3 0 1 25 9 0 0 0 0 0 5 157 93 74 49 
0 0 0 0 15 15 92 159 0 0 0 0 0 0 11 72 0 98 20 0 
1 3 0 0 0 10 2 0 2 20 22 9 1 0 0 0 0 0 10 21 
0 0 0 2 1 0 0 1 
117.09 84.26 2.25852 0.665424

5 0 1 3 1 0 0 27 0 9 27 14 2 0 0 0 0 18 12 0 
0 0 0 0 0 0 0 0 0 0 0 0 0 0 0 6 26 3 0 2 
0 47 83 88 158 7 0 0 0 158 107 15 15 0 0 0 0 77 12 0 
0 0 0 0 0 0 0 1 30 4 0 0 0 10 11 15 158 53 0 0 
0 158 69 11 111 13 0 0 0 158 61 0 0 0 0 0 0 0 0 0 
12 3 0 0 0 0 0 0 158 54 0 0 0 15 4 1 153 26 0 0 
0 134 26 0 0 0 0 0 
117.09 84.26 2.25852 -1.52165

0 0 0 1 22 0 0 0 0 0 0 23 170 0 0 0 0 0 0 7 
121 1 4 30 0 0 0 0 0 0 13 170 0 0 0 2 37 0 0 0 
0 0 0 20 170 20 11 13 0 0 0 3 97 13 41 170 0 0 0 0 
0 0 22 170 0 0 0 0 26 5 0 0 0 0 0 1 162 94 71 50 
0 0 0 0 14 16 78 170 1 0 0 0 0 0 5 66 0 0 2 0 
2 2 0 0 0 0 2 0 3 20 23 8 1 0 1 0 0 0 12 21 
0 0 1 0 0 0 0 1 
149.637 117.417 2.69493 0.890169

0 0 0 2 11 0 0 0 0 0 0 41 151 0 0 0 0 0 0 22 
151 1 3 13 0 0 0 0 0 0 21 119 0 0 0 3 24 0 0 0 
0 0 0 42 151 13 7 5 0 0 0 12 122 13 55 151 0 0 0 0 
0 0 49 151 0 21 3 1 21 5 0 0 0 0 0 5 151 87 61 32 
0 0 0 0 19 20 97 151 0 0 0 3 0 0 13 87 0 151 39 0 
1 2 0 0 0 44 11 0 3 20 22 7 0 2 0 0 0 1 14 24 
0 0 0 17 17 2 0 1 
51.2779 60.9864 2.97711 -3.02408

0 0 0 3 32 0 0 0 0 0 0 24 173 17 0 0 0 0 0 4 
173 77 45 0 0 0 0 0 0 19 90 0 0 0 0 7 54 0 0 0 
0 0 0 42 173 15 0 0 0 0 0 6 152 50 36 0 0 0 0 0 
0 13 69 0 0 0 0 6 67 0 0 0 0 0 0 13 173 55 3 0 
0 0 0 0 66 83 97 0 0 0 0 0 0 22 122 0 0 0 0 5 
60 1 0 0 0 0 0 13 173 30 4 0 0 0 0 0 31 31 46 0 
0 0 0 0 0 9 52 0 
67.3108 60.9782 3.01449 -3.06007

0 0 0 4 37 0 0 0 0 0 0 17 187 18 0 0 0 0 0 2 
163 62 40 0 0 0 0 0 0 10 76 0 0 0 0 5 60 0 0 0 
0 0 0 29 187 13 0 0 0 0 0 4 157 41 30 0 0 0 0 0 
0 7 57 0 0 0 0 3 70 0 0 0 0 0 0 10 187 42 1 0 
0 0 0 0 85 67 73 0 0 0 0 0 0 12 102 0 0 0 0 4 
60 0 0 0 0 0 0 12 187 22 1 0 0 0 0 0 48 27 35 0 
0 0 0 0 0 5 44 0 
99.3892 60.9312 3.10627 -3.09651

56 12 0 0 32 1 35 86 1 0 0 6 196 17 0 1 0 0 0 0 
145 43 29 0 0 0 0 0 0 4 54 0 0 0 0 2 55 0 8 5 
0 0 0 14 196 11 0 0 0 0 0 1 157 30 22 0 0 0 0 0 
0 3 41 0 0 0 0 2 62 0 0 0 0 0 0 6 196 27 0 0 
0 0 0 0 108 48 46 0 0 0 0 0 0 4 71 0 0 0 0 2 
52 0 0 0 0 0 0 7 196 15 0 0 0 0 0 0 71 22 23 0 
0 0 0 0 0 2 33 0 
115.374 60.9164 3.11699 -3.10911

5 39 0 1 39 0 0 0 0 0 0 4 192 17 0 0 0 0 0 0 
132 37 24 0 0 0 0 0 0 2 45 0 106 98 0 3 44 0 5 36 
1 1 0 10 192 11 0 0 0 0 0 1 151 27 18 0 0 0 0 0 
0 2 35 0 32 2 0 0 50 2 27 65 0 0 0 3 192 27 0 0 
0 0 0 0 112 42 37 0 0 0 0 0 0 3 60 0 0 0 0 1 
47 0 1 0 0 0 0 4 192 12 0 0 0 0 0 0 78 20 18 0 
0 0 0 0 0 1 28 0 
131.401 60.9193 3.14033 -3.11169

0 0 0 0 42 0 0 0 0 0 0 3 199 14 0 0 0 0 0 0 
137 33 22 0 0 0 0 0 0 2 41 0 0 2 0 1 56 0 0 0 
0 0 0 8 199 10 0 0 0 0 0 1 157 25 16 0 0 0 0 0 
0 1 32 0 16 59 0 2 56 0 0 0 0 0 0 4 199 23 0 0 
0 0 0 0 121 40 32 0 0 0 0 0 0 2 54 0 75 47 0 1 
39 0 6 36 0 0 0 5 199 11 0 0 0 0 0 0 86 19 16 0 
0 0 0 0 0 1 26 0 
147.418 60.8837 3.17447 -3.11498

0 0 0 0 42 0 0 0 0 0 0 3 205 13 0 0 0 0 0 0 
139 30 20 0 0 0 0 0 0 2 38 0 0 0 0 1 56 0 0 0 
0 0 0 7 205 9 0 0 0 0 0 0 162 23 15 0 0 0 0 0 
0 1 30 0 0 0 0 0 60 0 0 0 0 0 0 3 205 20 0 0 
0 0 0 0 129 36 29 0 0 0 0 0 0 2 49 0 0 5 0 1 
48 0 0 0 0 0 0 4 205 10 0 0 0 0 0 0 92 18 15 0 
0 0 0 0 0 1 25 0 
163.441 60.861 3.2146 -3.12003

7 2 0 0 41 0 0 6 0 0 0 2 206 13 0 0 0 0 0 0 
137 27 18 0 0 0 0 0 0 1 34 0 0 0 0 0 55 0 0 1 
0 0 0 5 206 9 0 0 0 0 0 0 162 22 14 0 0 0 0 0 
0 1 27 0 0 0 0 0 57 0 0 0 0 0 0 2 206 19 0 0 
0 0 0 0 133 33 26 0 0 0 0 0 0 1 44 0 0 0 0 0 
46 0 0 0 0 0 0 3 206 9 0 0 0 0 0 0 97 17 14 0 
0 0 0 0 0 0 23 0 
118.652 115.584 3.57271 -3.09757

115 1 0 1 23 0 0 5 0 0 0 20 167 0 0 0 1 64 8 16 
82 0 0 0 5 167 13 2 0 0 0 0 115 0 0 2 36 1 0 18 
0 0 0 24 167 34 7 0 0 1 3 36 90 26 57 0 4 90 9 7 
0 3 56 1 23 0 0 0 15 8 4 28 0 0 0 1 103 143 92 0 
0 0 0 1 15 76 167 0 0 1 0 0 0 20 167 1 0 0 0 0 
0 0 0 1 0 0 0 0 0 9 16 0 0 0 0 0 0 4 50 0 
0 0 0 0 0 3 50 0 
118.652 115.584 3.57271 -1.65412

0 0 0 0 2 5 0 0 0 0 15 9 3 29 55 1 0 0 49 6 
0 2 106 10 0 0 54 6 0 0 60 10 0 0 0 8 17 0 0 0 
0 0 100 148 101 1 0 0 0 2 166 74 10 0 0 0 1 1 166 34 
0 0 0 2 0 0 0 1 38 3 0 0 0 0 12 43 166 30 0 0 
2 25 76 26 88 5 0 1 25 13 42 3 0 0 0 78 0 0 0 0 
21 2 0 0 0 0 0 0 166 40 0 0 12 5 0 0 109 15 1 62 
52 3 0 0 0 0 0 166 
67.82 60.1424 3.60531 -3.02561

0 0 0 5 38 0 0 0 0 0 0 32 179 9 0 0 0 0 0 5 
179 55 26 0 0 0 0 0 0 14 62 0 0 0 0 8 66 0 0 0 
0 0 0 32 179 16 0 0 0 0 0 2 146 67 41 0 0 0 0 0 
0 16 83 0 0 0 0 7 82 0 0 0 0 0 0 15 179 36 1 0 
0 0 0 0 76 70 66 0 0 0 0 0 0 17 94 0 0 0 0 6 
73 0 0 0 0 0 0 8 179 36 3 0 0 0 0 0 29 42 53 0 
0 0 0 0 0 11 62 0 
83.8894 60.1082 3.71456 -3.04682

0 0 0 3 38 1 10 1 0 0 0 26 187 8 0 0 0 0 0 4 
181 46 23 0 0 0 0 0 0 10 54 0 0 0 0 6 62 0 0 0 
0 0 0 28 187 14 0 0 0 0 0 2 151 56 36 0 0 0 0 0 
0 11 72 0 0 0 0 7 77 0 0 0 0 0 0 16 187 28 0 0 
0 0 0 0 90 59 54 0 0 0 0 0 0 11 81 0 0 0 0 4 
70 0 0 0 0 0 0 8 187 27 1 0 0 0 0 0 40 37 44 0 
0 0 0 0 0 7 55 0 
99.908 60.0388 3.76874 -3.07987

137 59 0 2 24 1 55 118 9 3 0 12 180 11 0 4 0 0 0 1 
145 38 20 0 0 0 0 0 0 5 45 0 2 0 0 1 52 3 50 38 
0 0 0 11 180 16 0 2 0 0 0 0 135 46 30 0 0 0 0 0 
0 6 58 0 0 0 0 3 68 0 0 0 0 0 0 8 180 23 0 0 
0 0 0 0 93 48 41 0 0 0 0 0 0 6 66 0 0 0 0 2 
58 0 0 0 0 0 0 5 180 22 0 0 0 0 0 0 50 31 33 0 
0 0 0 0 0 4 46 0 
115.886 60.025 3.77359 -3.092

9 72 0 2 39 0 0 0 0 0 0 8 177 9 0 0 0 0 0 0 
131 33 17 0 0 0 0 0 0 3 38 0 145 147 0 4 38 0 10 47 
5 3 0 11 177 14 0 0 0 0 0 0 129 39 24 0 0 0 0 0 
0 4 49 0 44 4 0 1 49 3 56 89 2 0 0 4 177 23 0 2 
0 0 0 0 95 42 32 0 0 0 0 0 0 4 55 0 0 0 0 1 
53 0 4 1 0 0 0 3 177 17 0 0 0 0 0 0 56 28 26 0 
0 0 0 0 0 2 39 0 
131.938 59.969 3.86892 -3.0957

0 0 0 1 42 0 0 0 0 0 0 8 187 8 0 0 0 0 0 0 
140 30 16 0 0 0 0 0 0 3 36 0 1 23 0 2 56 0 0 0 
0 0 0 9 187 12 0 0 0 0 0 0 140 37 23 0 0 0 0 0 
0 3 46 0 66 147 1 4 52 0 0 6 1 2 0 8 187 18 0 0 
0 0 0 0 106 40 30 0 0 0 0 0 0 3 52 0 84 34 0 1 
37 2 29 75 3 1 0 4 187 17 0 1 0 0 0 0 65 27 24 0 
0 0 0 0 0 2 37 0 
147.946 59.9207 3.91962 -3.10628

0 0 0 1 46 0 2 3 0 0 0 5 202 9 0 0 0 0 0 0 
145 30 17 0 0 0 0 0 0 2 36 0 0 0 0 1 62 0 0 0 
0 0 0 6 202 13 0 0 0 0 0 0 151 37 23 0 0 0 0 0 
0 3 46 0 0 4 0 1 66 0 0 0 0 0 0 4 202 18 0 0 
0 0 0 0 121 39 29 0 0 0 0 0 0 2 51 0 11 67 0 2 
51 0 0 0 0 0 0 3 202 16 0 0 0 0 0 0 77 28 23 0 
0 0 0 0 0 2 37 0 
163.968 59.8932 3.96819 -3.10921

17 14 2 1 42 0 0 11 0 0 0 5 204 8 0 0 0 0 0 0 
146 27 15 0 0 0 0 0 0 2 33 0 4 0 0 1 59 0 4 14 
0 0 0 5 204 12 0 0 0 0 0 0 154 34 21 0 0 0 0 0 
0 2 42 0 0 0 0 1 64 0 0 0 0 0 0 4 204 17 0 0 
0 0 0 0 126 36 26 0 0 0 0 0 0 2 46 0 0 0 0 1 
54 0 0 0 0 0 0 2 204 14 0 0 0 0 0 0 82 26 21 0 
0 0 0 0 0 1 34 0 
180 59.8714 4.00405 -3.11939

18 0 0 0 46 0 0 18 0 0 0 2 206 10 0 0 0 0 0 0 
140 26 14 0 0 0 0 0 0 1 30 0 10 16 4 1 57 0 0 4 
0 0 0 2 206 13 0 0 0 0 0 0 152 32 20 0 0 0 0 0 
0 1 39 0 12 4 0 0 59 0 3 19 0 0 0 1 206 18 0 0 
0 0 0 0 129 34 23 0 0 0 0 0 0 1 43 0 0 0 0 0 
50 0 0 1 0 0 0 1 206 14 0 0 0 0 0 0 88 25 18 0 
0 0 0 0 0 1 32 0 
145.133 115.567 4.30586 0.907961

0 0 0 1 10 0 0 0 0 0 0 29 132 1 0 0 5 13 0 10 
123 12 11 15 69 81 0 0 0 0 10 68 0 7 1 3 21 0 0 0 
0 0 0 33 132 14 9 6 0 0 0 6 79 13 59 132 9 0 1 7 
0 0 39 132 0 113 29 1 16 4 0 0 0 16 4 3 100 63 54 29 
0 0 0 12 13 11 76 132 0 0 18 132 8 0 8 46 0 132 42 1 
19 54 0 0 1 132 37 0 1 7 11 5 0 37 6 14 33 10 7 10 
0 0 5 97 95 61 0 0 
145.133 115.567 4.30586 3.08079

0 1 14 0 0 0 134 95 0 5 16 7 1 0 126 94 1 11 7 0 
0 0 72 57 0 0 0 0 0 0 20 20 5 26 14 2 15 1 33 19 
0 29 50 62 103 1 8 4 0 134 62 12 9 0 0 0 0 50 4 0 
0 0 0 0 120 76 15 0 20 1 0 0 6 8 8 16 134 15 0 0 
0 134 48 14 75 2 0 0 0 134 35 0 0 0 0 0 134 14 0 0 
10 0 1 8 10 0 0 0 134 30 1 0 0 15 11 10 96 22 29 0 
4 132 20 1 0 0 36 7 
145.133 115.567 4.30586 3.08079

0 1 14 0 0 0 134 95 0 5 16 7 1 0 126 94 1 11 7 0 
0 0 72 57 0 0 0 0 0 0 20 20 5 26 14 2 15 1 33 19 
0 29 50 62 103 1 8 4 0 134 62 12 9 0 0 0 0 50 4 0 
0 0 0 0 120 76 15 0 20 1 0 0 6 8 8 16 134 15 0 0 
0 134 48 14 75 2 0 0 0 134 35 0 0 0 0 0 134 14 0 0 
10 0 1 8 10 0 0 0 134 30 1 0 0 15 11 10 96 22 29 0 
4 132 20 1 0 0 36 7 
145.133 115.567 4.30586 0.907961

0 0 0 1 10 0 0 0 0 0 0 29 132 1 0 0 5 13 0 10 
123 12 11 15 69 81 0 0 0 0 10 68 0 7 1 3 21 0 0 0 
0 0 0 33 132 14 9 6 0 0 0 6 79 13 59 132 9 0 1 7 
0 0 39 132 0 113 29 1 16 4 0 0 0 16 4 3 100 63 54 29 
0 0 0 12 13 11 76 132 0 0 18 132 8 0 8 46 0 132 42 1 
19 54 0 0 1 132 37 0 1 7 11 5 0 37 6 14 33 10 7 10 
0 0 5 97 95 61 0 0 
120.607 170.15 4.35102 -1.6277

74 14 7 3 15 10 0 14 1 0 5 5 64 110 85 1 0 0 23 3 
4 20 140 20 29 5 19 0 0 0 109 81 95 0 0 5 13 1 0 35 
0 0 57 113 83 10 14 0 0 1 140 64 12 1 31 1 31 78 140 4 
0 0 12 4 50 0 0 0 30 1 0 20 0 0 5 30 140 19 0 0 
0 3 52 39 96 7 0 0 124 58 30 3 0 0 0 0 16 0 0 0 
18 1 0 6 0 0 0 3 140 34 3 0 0 0 2 19 96 24 50 2 
94 15 3 2 0 0 40 30 
35.009 143.749 4.42143 1.63981

110 47 0 1 10 0 0 0 4 1 0 23 135 0 0 0 1 0 0 10 
107 0 0 0 96 0 0 0 0 0 0 9 135 75 0 1 14 0 0 0 
13 6 0 20 135 29 4 0 1 0 0 5 97 28 45 0 126 0 0 0 
0 2 21 24 135 82 0 0 4 1 0 0 43 15 0 1 69 102 59 1 
0 0 0 0 16 91 135 0 64 0 0 0 16 56 108 35 135 57 0 0 
0 7 1 0 79 29 0 0 0 5 11 0 0 0 0 1 25 13 32 0 
35 0 0 5 85 18 7 5 
35.009 143.749 4.42143 3.03352

0 0 0 2 4 0 91 90 0 0 4 2 0 0 132 132 0 0 26 3 
0 0 104 112 0 0 38 5 0 0 38 41 0 0 0 2 10 1 90 87 
0 0 60 102 64 1 35 35 0 0 132 78 7 0 4 6 0 0 132 39 
0 0 0 0 0 0 6 4 25 2 2 2 0 0 10 46 132 22 0 0 
0 0 58 33 76 7 2 0 0 0 44 7 0 0 6 0 0 0 84 23 
4 0 12 1 0 0 26 54 125 21 43 2 0 0 0 1 45 20 132 14 
0 0 0 0 0 0 132 23 
69.5169 179.868 4.92798 2.52647

4 0 50 71 10 9 4 5 0 0 126 125 4 13 11 0 0 0 126 115 
2 10 4 0 2 0 83 59 0 0 0 8 0 0 7 26 18 80 81 0 
0 0 16 27 16 126 126 0 0 0 9 13 73 126 52 3 18 0 2 2 
10 12 2 110 0 0 0 0 0 9 21 0 0 0 0 12 87 37 38 0 
3 0 0 24 126 50 13 45 36 0 0 0 13 5 5 126 0 0 0 0 
1 0 0 0 0 0 0 9 89 11 1 0 5 0 0 8 104 29 30 100 
18 0 0 0 0 0 3 126 
69.5169 179.868 4.92798 -2.52311

0 0 0 0 1 0 0 0 0 0 2 13 91 9 0 0 6 107 31 28 
90 6 0 0 16 117 2 0 3 12 1 0 0 0 18 8 0 0 0 0 
0 0 31 33 100 14 0 0 4 57 13 43 125 22 0 0 41 125 4 4 
9 0 0 0 0 0 87 79 16 23 5 0 0 0 125 125 19 21 11 0 
0 5 47 125 81 10 6 0 21 125 2 10 8 1 1 0 0 0 4 12 
11 81 53 0 0 0 15 17 5 125 125 0 0 0 5 12 2 109 125 0 
3 12 0 0 0 49 71 0 
129.83 182.543 5.27133 -3.13655

0 8 118 0 0 6 12 0 4 46 54 5 1 20 40 0 0 4 42 49 
5 37 72 0 0 2 100 12 0 11 81 10 17 30 118 3 0 3 2 1 
118 109 48 9 22 0 0 2 19 7 41 99 118 3 0 0 3 7 118 40 
16 6 3 0 18 1 1 0 0 18 118 23 118 3 0 0 21 9 46 100 
20 0 0 2 118 93 50 7 2 0 0 2 13 32 118 5 0 0 2 5 
5 6 118 7 7 10 36 8 4 6 50 50 1 15 28 0 4 43 58 4 
0 4 6 0 0 6 118 1 
129.83 182.543 5.27133 0.00669254

0 6 118 1 0 4 6 0 4 43 58 4 1 15 28 0 4 6 50 50 
7 10 36 8 5 7 118 7 0 0 2 5 13 33 118 5 2 0 0 2 
118 93 50 7 20 0 0 2 21 9 46 100 118 3 0 0 0 18 118 23 
18 1 1 0 16 6 3 0 3 7 118 40 118 3 0 0 19 7 41 100 
22 0 0 3 118 109 48 9 0 3 2 1 17 30 118 3 0 12 82 10 
0 2 100 12 5 37 72 0 0 4 42 49 1 20 39 0 4 47 54 5 
0 6 11 0 0 9 118 0 
131.185 129.819 6.63904 3.13523

0 4 48 6 0 17 116 23 3 21 29 2 3 0 116 74 3 21 24 19 
9 1 71 53 3 33 8 0 0 0 21 30 8 24 116 53 16 6 15 4 
111 116 58 7 23 0 8 11 15 50 38 61 116 2 1 0 2 116 34 8 
8 0 0 0 10 3 6 8 22 41 116 21 116 12 2 0 18 8 62 110 
19 5 3 6 116 102 47 9 19 85 8 3 13 25 116 24 0 22 39 0 
0 8 89 5 2 12 20 0 0 4 49 38 0 3 5 0 3 43 51 4 
0 0 0 0 0 7 109 8 
131.185 129.819 6.63904 0.0138117

0 9 113 8 0 0 0 0 4 46 53 3 0 3 4 0 0 4 47 35 
2 12 19 0 0 8 84 5 0 25 39 0 13 25 112 22 21 92 7 3 
116 99 45 9 18 5 3 8 19 8 63 111 116 10 1 0 20 43 116 21 
9 3 5 7 7 0 0 0 2 116 30 8 116 2 1 0 15 50 36 65 
21 0 8 11 116 116 56 7 17 7 13 4 8 24 116 51 0 0 24 31 
4 32 7 0 9 1 77 51 3 20 23 19 2 0 116 68 3 23 29 2 
0 21 116 19 0 4 48 7 
106.628 206.225 6.67789 -1.56749

0 0 0 0 0 0 0 0 0 0 0 14 35 0 0 0 0 1 71 115 
109 0 0 0 40 76 119 20 5 0 0 0 0 0 2 4 0 0 0 0 
0 1 12 12 83 0 0 0 0 1 4 41 130 4 0 0 130 33 9 15 
35 1 1 6 2 16 43 92 0 0 0 0 44 37 64 47 40 10 0 6 
6 3 3 11 130 130 57 4 95 3 3 2 16 25 103 93 41 30 99 93 
0 0 0 12 130 15 16 25 15 4 0 56 9 1 41 88 66 37 23 5 
19 58 84 17 3 5 39 21 
153.314 136.286 8.56138 -1.23236

18 0 3 58 71 6 1 62 43 49 51 75 41 13 10 16 59 45 10 90 
21 1 9 31 75 4 7 76 14 0 0 36 2 4 27 42 85 60 13 10 
34 20 13 12 43 67 108 85 57 6 0 51 108 8 16 71 108 1 0 17 
20 6 2 106 6 28 70 100 50 11 21 28 39 90 37 5 25 10 39 75 
39 6 1 8 108 29 12 60 79 10 45 29 7 3 2 69 2 7 7 7 
26 20 82 69 8 4 4 0 19 14 43 90 7 0 0 8 58 39 21 30 
7 4 33 91 75 12 4 13 
108.215 179.193 9.15724 -1.74525

0 0 2 5 5 0 0 0 0 0 3 34 119 19 0 0 64 53 26 38 
119 33 7 12 109 60 7 21 9 0 0 9 0 10 107 55 1 0 0 0 
18 25 57 52 75 46 0 0 36 12 11 21 77 118 51 43 71 35 18 31 
41 0 7 41 27 22 119 65 51 17 0 2 119 52 47 18 32 12 0 18 
22 19 23 61 119 62 12 10 49 66 27 17 32 21 11 35 46 8 6 6 
58 90 11 23 119 3 0 0 11 20 6 70 14 0 5 22 64 112 33 16 
21 19 19 10 7 27 32 58 
151.33 181.894 9.17595 -1.98581

11 70 74 62 49 8 0 0 48 110 26 24 14 0 0 0 4 27 28 44 
43 12 0 0 8 10 2 8 39 85 11 4 29 23 5 11 110 110 28 17 
110 83 8 9 38 11 18 42 36 74 16 33 110 3 0 0 60 69 2 1 
3 42 33 7 18 21 11 18 64 84 26 7 39 66 75 45 63 23 17 24 
47 65 25 11 95 55 6 10 110 108 4 5 6 21 8 5 104 36 4 3 
40 48 2 3 24 13 9 13 55 110 59 40 52 21 16 3 3 55 27 65 
39 22 2 3 4 56 27 10 
35.9351 162.602 9.90839 -1.50737

0 1 11 0 0 0 0 0 5 26 35 9 2 0 0 0 0 24 65 20 
3 0 0 0 0 12 51 21 5 0 0 0 2 3 6 7 0 0 0 0 
39 46 36 25 44 0 0 0 3 37 120 84 120 5 0 0 59 60 120 30 
9 0 0 13 0 1 9 44 30 0 0 0 35 107 120 89 58 0 0 1 
42 52 45 27 120 73 6 18 120 15 20 6 35 27 7 120 0 0 0 9 
66 29 4 0 95 20 10 24 97 54 43 64 106 11 1 0 22 81 44 90 
54 0 0 3 14 29 31 120 
99.9003 156.105 10.017 1.26506

41 31 16 63 45 11 15 21 101 44 4 15 32 0 1 18 1 32 56 79 
92 0 0 0 6 45 24 16 91 48 14 3 17 31 33 52 33 25 36 27 
70 119 35 17 65 0 3 21 11 44 14 38 119 19 8 4 88 119 8 5 
18 18 34 25 30 35 16 40 50 52 24 13 119 83 19 11 34 23 21 41 
23 16 0 2 119 74 70 48 41 17 0 0 4 10 119 95 56 1 1 14 
46 32 16 22 47 82 42 39 52 19 10 12 82 63 4 0 4 10 23 41 
3 0 0 0 0 1 32 32 
130.149 155.1 10.3077 -1.28438

25 67 108 9 3 0 0 10 19 16 30 53 101 25 4 9 75 9 6 34 
64 31 31 91 72 14 23 35 1 0 0 32 88 22 20 8 28 7 5 108 
32 17 25 108 108 25 8 42 66 70 31 66 21 14 22 55 71 13 17 88 
13 1 0 30 23 0 3 32 34 11 17 108 9 17 29 55 108 80 48 29 
40 21 4 18 73 35 59 72 108 4 5 17 36 12 5 81 0 0 6 55 
76 12 12 12 24 30 36 52 33 13 40 75 24 17 2 0 44 42 21 49 
37 5 31 36 31 15 7 32 
25.5063 119.393 11.8942 -0.281957

0 0 0 0 0 0 0 0 0 0 0 0 0 0 0 0 2 8 3 0 
0 0 0 0 13 4 0 0 0 0 0 3 0 0 2 2 40 3 0 0 
0 3 35 92 120 28 9 2 93 120 91 35 7 5 15 27 86 60 53 4 
0 0 0 21 2 23 26 4 44 23 0 0 1 4 5 28 120 120 109 6 
55 24 39 61 66 83 120 65 80 89 120 59 8 8 24 18 15 66 27 2 
0 2 0 0 16 31 6 5 26 83 15 0 0 0 18 26 65 120 120 0 
25 11 22 34 9 36 120 39 
25.5063 119.393 11.8942 1.021

45 20 0 2 0 0 0 22 18 6 35 30 0 0 0 3 0 0 18 8 
0 0 0 0 0 0 0 0 0 0 0 0 12 1 2 50 30 0 3 62 
4 21 118 118 118 13 0 3 33 75 112 33 8 4 0 4 2 0 0 0 
0 0 0 0 12 23 26 118 96 2 0 4 13 42 70 107 118 82 35 16 
100 49 9 5 15 36 89 118 10 0 0 0 0 0 8 24 24 49 24 26 
118 36 0 0 61 93 38 22 98 52 36 52 115 61 0 0 0 5 54 98 
4 0 0 0 0 4 36 24 
129.752 213.74 12.5752 -1.72702

0 0 0 0 2 0 0 0 0 5 10 17 7 0 0 0 2 35 15 4 
0 0 0 0 0 2 20 22 0 0 0 0 0 0 5 14 37 0 0 0 
9 34 49 122 122 15 1 2 109 122 77 44 20 5 1 8 6 21 66 100 
30 7 0 0 3 12 122 75 22 0 0 0 21 26 47 54 122 95 14 12 
122 63 29 51 45 40 19 55 68 46 26 49 24 20 8 5 60 30 96 61 
74 23 5 17 122 35 26 19 77 60 8 37 27 39 23 28 55 61 31 49 
99 27 8 14 9 29 18 20 
220.045 211.328 12.6586 -2.94876

0 0 0 0 0 0 0 0 0 0 3 14 2 0 0 0 0 2 5 2 
0 0 0 0 0 0 0 0 0 0 0 0 0 0 0 10 17 0 0 0 
0 8 65 120 120 17 3 0 35 120 120 44 11 6 8 14 47 74 8 37 
12 0 0 4 0 0 0 4 38 4 0 0 0 2 9 41 120 120 41 2 
63 69 60 20 25 46 109 105 81 55 55 57 105 12 2 47 0 0 35 56 
19 1 0 0 1 28 120 90 93 22 2 0 5 46 104 41 55 73 9 7 
18 72 119 14 19 18 15 37 
220.045 211.328 12.6586 1.37961

0 0 0 11 4 20 20 0 0 8 64 89 24 37 120 31 7 28 56 29 
122 61 26 27 31 19 13 27 65 55 30 53 0 0 0 13 20 1 0 0 
12 35 50 122 122 44 13 8 103 104 45 24 44 37 41 83 15 2 3 16 
113 103 61 82 0 0 0 0 4 4 1 0 5 1 0 3 66 122 122 27 
49 6 0 0 5 24 122 122 2 0 0 0 16 97 64 48 0 0 0 0 
0 0 0 0 0 0 0 0 0 6 24 1 0 0 0 0 0 1 19 9 
0 0 0 0 0 0 1 1 
219.501 110.296 13.1341 -3.06398

1 9 3 0 0 0 0 0 0 1 2 8 2 0 0 0 0 3 3 1 
1 0 0 0 0 0 0 0 4 0 0 0 59 90 22 9 14 0 3 19 
13 26 58 124 124 17 3 3 61 124 74 43 68 6 4 18 5 7 1 13 
124 18 3 0 46 38 99 13 19 7 11 39 19 23 63 43 124 90 53 37 
75 29 7 8 104 43 83 124 5 1 0 1 124 59 12 6 12 28 57 27 
14 35 11 19 41 49 44 11 3 3 14 71 26 48 10 5 102 13 11 48 
0 0 0 1 124 49 13 0 
200.985 147.625 13.195 1.53312

0 0 6 49 31 11 39 2 35 92 90 75 31 14 86 34 34 103 36 15 
5 1 73 34 16 20 27 92 33 11 39 16 0 0 1 15 34 73 31 0 
36 23 20 26 50 107 112 95 34 74 40 32 99 18 33 46 31 63 43 63 
36 24 10 19 0 0 6 43 14 8 8 0 6 40 104 91 44 15 45 5 
15 32 24 26 112 36 19 35 39 32 18 41 38 53 26 49 0 0 0 18 
42 18 3 0 40 33 19 42 69 41 45 37 38 18 2 2 28 29 58 68 
28 16 7 33 109 61 24 29 
169.184 84.8818 18.7492 -2.83041

59 25 12 29 33 11 2 9 29 17 12 101 50 5 5 3 7 11 3 39 
57 3 4 4 0 0 0 8 34 3 0 0 27 39 68 54 16 9 8 8 
57 37 28 46 60 32 75 39 8 6 1 40 137 69 56 17 0 0 0 12 
137 76 16 0 40 33 17 20 17 27 69 35 82 37 3 11 41 20 87 47 
6 7 2 29 137 107 19 3 0 0 0 0 37 82 30 0 129 72 10 17 
56 22 8 11 113 30 0 0 52 52 51 18 0 0 0 0 93 137 33 0 
0 0 0 0 1 28 18 0 
