52 128
300.623 246.988 1.05652 -2.19257

0 0 0 2 14 0 0 0 0 0 0 69 165 2 0 0 0 0 0 32 
153 1 0 0 0 0 0 0 0 0 0 0 0 0 0 4 31 3 0 0 
0 0 0 59 165 73 4 0 0 0 0 19 117 48 41 0 0 0 0 0 
0 7 23 0 0 0 0 0 9 8 0 0 0 0 0 0 93 165 57 0 
0 0 0 0 16 165 165 0 0 0 0 0 0 105 165 0 0 0 0 0 
0 0 0 0 0 0 0 0 0 14 11 0 0 0 0 0 0 24 70 0 
0 0 0 0 0 44 93 0 
300.623 246.988 1.05652 -0.93828

0 0 0 0 0 0 0 0 0 0 10 14 0 0 0 0 0 0 68 22 
0 0 0 0 0 0 90 40 0 0 0 0 0 0 0 8 10 0 0 0 
0 0 58 166 92 0 0 0 0 0 166 166 15 0 0 0 0 0 166 102 
0 0 0 0 0 0 0 3 33 3 0 0 0 0 5 75 166 56 0 0 
0 0 43 49 114 17 0 0 0 0 26 6 0 0 0 0 0 0 0 0 
14 3 0 0 0 0 0 3 166 67 0 0 0 0 0 1 149 28 0 0 
0 0 0 0 0 0 0 0 
207.136 220.834 1.84005 1.74398

0 0 0 5 19 0 0 0 0 0 0 78 150 0 0 0 0 0 0 42 
150 0 0 0 0 0 0 0 2 0 0 0 0 0 0 7 47 2 0 0 
0 0 0 57 150 52 1 0 0 0 0 19 123 55 10 0 0 0 0 0 
0 5 3 0 0 0 0 0 21 12 0 0 0 0 0 1 102 150 42 0 
0 0 0 0 16 150 140 0 0 0 0 0 0 124 75 0 0 0 0 0 
0 1 0 0 0 0 0 0 0 33 16 0 0 0 0 0 0 132 77 0 
0 0 0 0 0 150 108 0 
207.136 220.834 1.84005 2.70941

0 0 0 1 0 0 0 0 0 0 17 34 0 0 0 0 0 0 87 110 
0 0 0 0 0 0 126 149 0 0 0 0 0 0 0 12 19 0 0 0 
0 0 39 149 110 1 0 0 0 0 149 149 22 0 0 0 0 0 95 117 
0 0 0 0 0 0 0 1 43 6 0 0 0 0 1 41 149 36 0 0 
0 0 9 44 138 12 0 0 0 0 3 5 0 0 0 0 0 0 0 0 
23 4 0 0 0 0 0 0 149 49 0 0 0 0 0 0 149 25 0 0 
0 0 0 0 1 0 0 0 
302.072 246.995 1.91357 -2.19534

0 0 0 1 32 0 0 0 0 0 0 15 160 0 0 0 0 0 0 5 
147 0 0 0 0 0 0 0 0 0 0 0 0 0 0 3 45 2 0 0 
0 0 0 30 160 53 5 0 0 0 0 7 127 52 41 0 0 0 0 0 
0 12 18 0 0 0 0 0 17 13 0 0 0 0 0 0 99 160 69 0 
0 0 0 0 15 160 160 0 0 0 0 0 0 132 160 0 0 0 0 0 
0 1 0 0 0 0 0 0 0 18 16 0 0 0 0 0 0 38 71 0 
0 0 0 0 0 65 110 0 
302.072 246.995 1.91357 -0.947233

0 0 0 1 0 0 0 0 0 0 16 18 0 0 0 0 0 0 71 39 
0 0 0 0 0 0 110 65 0 0 0 0 0 0 0 12 17 0 0 0 
0 0 69 160 99 0 0 0 0 0 160 160 15 0 0 0 0 0 160 132 
0 0 0 0 0 0 0 2 45 3 0 0 0 0 5 53 160 31 0 0 
0 0 41 53 127 8 0 0 0 0 18 12 0 0 0 0 0 0 0 0 
32 1 0 0 0 0 0 0 160 16 0 0 0 0 0 0 147 5 0 0 
0 0 0 0 0 0 0 0 
212.224 143.37 2.14196 -2.39554

0 163 10 0 0 0 0 0 0 32 2 0 127 33 0 0 0 0 0 0 
163 75 0 0 0 0 0 0 18 4 0 0 0 163 19 0 0 0 0 0 
0 163 51 19 88 8 0 0 0 9 17 51 163 35 0 0 0 0 0 2 
39 3 0 0 0 75 4 0 0 0 0 0 0 163 118 31 8 0 0 0 
0 21 82 152 84 0 0 0 0 0 0 11 14 0 0 0 0 0 0 0 
0 0 0 0 0 9 12 1 0 0 0 0 0 1 11 9 0 0 0 0 
0 0 0 0 0 0 0 0 
212.224 143.37 2.14196 1.67469

0 0 0 0 0 0 0 1 0 0 0 0 0 1 15 7 0 0 0 0 
0 7 14 0 0 0 0 0 0 0 0 0 0 0 0 0 0 0 5 82 
0 0 0 0 10 30 137 162 0 0 0 1 94 128 91 16 0 0 0 0 
15 7 0 0 11 0 0 0 0 0 5 162 2 0 0 9 101 19 49 162 
0 0 0 37 162 41 15 6 0 0 0 3 34 1 0 0 6 0 0 0 
0 0 2 162 1 0 0 20 140 0 0 30 0 0 0 48 162 0 0 0 
0 0 0 2 17 0 0 0 
266.249 200.826 2.16389 -2.48219

0 0 0 0 0 0 0 0 0 0 8 35 0 0 0 0 0 0 60 154 
0 0 0 0 0 0 83 154 0 0 0 0 0 0 0 7 11 0 0 0 
0 0 27 154 120 1 0 0 0 0 97 154 26 0 0 0 0 0 32 101 
0 0 0 0 0 0 0 1 27 3 0 0 0 0 0 44 154 71 0 0 
0 0 4 39 133 32 0 0 0 0 0 2 0 0 0 0 0 0 0 0 
7 3 0 0 0 0 0 0 154 104 0 0 0 0 0 0 154 77 0 0 
0 0 0 0 2 0 0 0 
266.249 200.826 2.16389 2.94086

0 0 0 1 15 0 0 0 0 0 0 56 154 0 0 0 0 0 0 27 
152 0 0 0 0 0 0 0 0 0 0 0 0 0 0 3 31 1 0 0 
0 0 0 50 154 52 0 0 0 0 0 15 131 43 6 0 0 0 0 0 
0 2 1 0 0 0 0 0 12 7 0 0 0 0 0 1 106 154 26 0 
0 0 0 0 20 154 142 0 0 0 0 0 0 109 79 0 0 0 0 0 
0 0 0 0 0 0 0 0 0 29 9 0 0 0 0 0 0 123 82 0 
0 0 0 0 0 154 121 0 
350.767 178.238 2.29774 -1.07113

13 161 0 0 1 0 0 0 2 60 3 2 159 45 0 0 0 0 0 0 
161 82 0 0 0 0 0 0 17 4 0 0 14 161 0 0 0 0 0 0 
8 161 32 19 93 12 0 0 0 10 13 33 161 51 0 0 0 0 0 1 
43 5 0 0 2 73 0 0 0 0 0 0 3 161 85 21 8 0 0 0 
0 28 76 127 110 1 0 0 0 0 0 12 25 0 0 0 0 2 0 0 
0 0 0 0 0 19 17 1 0 0 0 0 0 4 22 18 0 0 0 0 
0 0 0 3 0 0 0 0 
350.767 178.238 2.29774 2.92468

0 0 0 0 0 0 0 2 0 0 0 0 0 1 20 17 0 0 0 0 
0 15 25 3 0 0 0 0 0 3 0 0 6 0 0 0 0 0 0 68 
6 0 0 0 9 21 90 162 0 0 0 1 115 120 80 26 0 0 0 0 
27 10 0 0 46 0 0 0 0 0 0 162 27 0 0 6 96 20 29 162 
0 0 0 36 162 32 13 10 0 0 0 4 45 0 0 0 39 0 0 0 
0 0 0 162 10 0 0 21 155 3 3 69 0 0 0 48 162 0 0 0 
0 0 0 3 24 0 0 0 
350.762 315.762 2.29824 -2.07027

0 0 0 0 0 0 0 2 0 0 0 0 0 1 18 18 0 0 0 0 
0 17 22 4 0 0 0 0 0 3 0 0 1 0 0 0 0 0 0 74 
2 0 0 0 8 21 86 161 0 0 0 1 109 127 77 28 0 0 0 0 
25 12 0 0 14 0 0 0 0 0 0 161 8 0 0 12 93 19 32 161 
0 0 0 51 161 33 13 10 0 0 0 5 43 1 0 0 13 0 0 0 
1 0 0 161 1 0 0 45 159 2 3 60 0 0 0 81 161 0 0 0 
0 0 0 4 17 0 0 0 
350.762 315.762 2.29824 0.216726

39 162 0 0 0 0 0 0 10 69 3 3 155 20 0 0 0 0 0 0 
162 48 0 0 0 0 0 0 24 2 0 0 45 162 0 0 0 0 0 0 
27 162 29 20 96 6 0 0 0 10 13 32 162 35 0 0 0 0 0 1 
45 4 0 0 5 68 0 0 0 0 0 0 6 162 91 22 9 0 0 0 
0 26 80 121 115 1 0 0 0 0 0 11 26 0 0 0 0 2 0 0 
0 0 0 0 0 17 20 1 0 0 0 0 0 3 24 16 0 0 0 0 
0 0 0 2 0 0 0 0 
213.036 348.689 3.10672 -0.787698

0 0 0 0 0 0 0 1 0 0 0 0 0 1 15 15 0 0 0 0 
0 15 20 3 0 0 0 0 0 2 0 0 0 0 0 0 0 0 0 74 
0 0 0 0 10 22 89 166 0 0 0 1 117 119 78 29 0 0 0 0 
21 9 0 0 0 0 0 0 0 0 0 166 0 0 0 9 99 18 33 166 
0 0 0 38 166 30 12 10 0 0 0 4 38 0 0 0 0 0 0 0 
0 0 0 166 0 0 0 21 153 1 2 48 0 0 0 47 166 0 0 0 
0 0 0 3 18 0 0 0 
213.036 348.689 3.10672 1.474

5 167 0 0 0 0 0 0 0 53 2 1 147 18 0 0 0 0 0 0 
167 44 0 0 0 0 0 0 21 2 0 0 5 167 1 0 0 0 0 0 
4 167 32 18 96 6 0 0 0 11 13 30 167 34 0 0 0 0 0 0 
40 3 0 0 1 69 0 0 0 0 0 0 1 167 90 21 10 0 0 0 
0 30 80 120 116 1 0 0 0 0 0 9 22 0 0 0 0 1 0 0 
0 0 0 0 0 14 16 1 0 0 0 0 0 3 21 14 0 0 0 0 
0 0 0 2 0 0 0 0 
213.354 146.213 3.33399 -2.35405

0 170 0 0 0 0 0 0 0 51 1 1 136 20 0 0 0 0 0 0 
170 49 0 0 0 0 0 0 18 3 0 0 0 170 0 0 0 0 0 0 
0 170 27 15 89 8 0 0 0 14 13 32 170 42 0 0 0 0 0 1 
38 4 0 0 0 61 0 0 0 0 0 0 0 170 80 20 9 0 0 0 
0 36 81 126 116 1 0 0 0 0 0 9 20 0 0 0 0 0 0 0 
0 0 0 0 0 13 12 1 0 0 0 0 0 3 17 13 0 0 0 0 
0 0 0 1 0 0 0 0 
213.354 146.213 3.33399 1.64056

0 0 0 0 0 0 0 1 0 0 0 0 0 1 15 13 0 0 0 0 
0 12 19 2 0 0 0 0 0 1 0 0 3 0 0 0 0 0 0 65 
4 0 0 0 13 24 90 168 0 0 0 1 125 117 78 28 0 0 0 0 
18 6 0 0 16 0 0 0 0 0 0 168 13 0 0 5 106 16 23 168 
0 0 0 26 168 27 10 10 0 0 0 2 33 0 0 0 14 0 0 0 
0 0 0 168 1 0 0 13 142 1 1 49 0 0 0 32 168 0 0 0 
0 0 0 1 19 0 0 0 
147.67 247.46 3.641 0.437222

0 0 0 0 0 0 0 3 0 0 0 0 0 2 23 23 0 0 0 0 
1 22 28 3 0 0 0 0 0 3 0 0 3 0 0 0 0 0 0 92 
1 0 0 0 11 26 90 161 0 0 0 2 125 122 72 22 0 0 0 0 
26 10 0 0 9 0 0 0 0 0 0 161 3 0 0 8 104 25 26 161 
0 0 0 38 161 28 7 6 0 0 0 6 39 0 0 0 6 0 0 0 
1 0 0 161 1 0 0 24 161 3 1 45 0 0 0 48 161 0 0 0 
0 0 0 4 19 0 0 0 
147.67 247.46 3.641 2.68539

2 165 0 0 0 0 0 0 0 59 5 0 143 25 0 0 0 0 0 0 
165 59 0 0 0 0 0 0 25 6 0 0 1 165 0 0 0 0 0 0 
0 165 42 11 82 7 0 0 0 11 17 28 165 45 0 0 0 0 0 0 
53 8 0 0 1 75 0 0 0 0 0 0 0 165 83 15 7 0 0 0 
0 34 89 124 111 2 0 0 0 0 0 15 32 1 0 0 0 2 0 0 
0 0 0 0 0 20 17 0 0 0 0 0 0 4 29 19 0 0 0 0 
0 0 0 4 0 0 0 0 
214.165 148.331 4.07193 -2.35678

0 167 0 0 0 0 0 0 0 48 2 1 151 23 0 0 0 0 0 0 
167 49 0 0 0 0 0 0 17 3 0 0 0 167 0 0 0 0 0 0 
0 167 30 16 100 8 0 0 0 11 12 26 167 40 0 0 0 0 0 0 
35 4 0 0 0 72 0 0 0 0 0 0 0 167 79 21 11 0 0 0 
0 34 74 119 124 2 0 0 0 0 0 9 21 0 0 0 0 1 0 0 
0 0 0 0 0 17 14 1 0 0 0 0 0 4 20 17 0 0 0 0 
0 0 0 2 0 0 0 0 
214.165 148.331 4.07193 1.6678

0 0 0 0 0 0 0 1 0 0 0 0 0 1 16 15 0 0 0 0 
0 14 24 3 0 0 0 0 0 2 0 0 1 0 0 0 0 0 0 67 
1 0 0 0 11 19 84 168 0 0 0 2 127 109 82 33 0 0 0 0 
24 8 0 0 5 0 0 0 0 0 0 168 1 0 0 7 99 16 28 168 
0 0 0 36 168 25 12 11 0 0 0 4 38 0 0 0 4 0 0 0 
0 0 0 168 0 0 0 19 147 1 2 51 0 0 0 44 168 0 0 0 
0 0 0 2 19 0 0 0 
214.165 148.331 4.07193 1.6678

0 0 0 0 0 0 0 1 0 0 0 0 0 1 16 15 0 0 0 0 
0 14 24 3 0 0 0 0 0 2 0 0 1 0 0 0 0 0 0 67 
1 0 0 0 11 19 84 168 0 0 0 2 127 109 82 33 0 0 0 0 
24 8 0 0 5 0 0 0 0 0 0 168 1 0 0 7 99 16 28 168 
0 0 0 36 168 25 12 11 0 0 0 4 38 0 0 0 4 0 0 0 
0 0 0 168 0 0 0 19 147 1 2 51 0 0 0 44 168 0 0 0 
0 0 0 2 19 0 0 0 
214.165 148.331 4.07193 -2.35678

0 167 0 0 0 0 0 0 0 48 2 1 151 23 0 0 0 0 0 0 
167 49 0 0 0 0 0 0 17 3 0 0 0 167 0 0 0 0 0 0 
0 167 30 16 100 8 0 0 0 11 12 26 167 40 0 0 0 0 0 0 
35 4 0 0 0 72 0 0 0 0 0 0 0 167 79 21 11 0 0 0 
0 34 74 119 124 2 0 0 0 0 0 9 21 0 0 0 0 1 0 0 
0 0 0 0 0 17 14 1 0 0 0 0 0 4 20 17 0 0 0 0 
0 0 0 2 0 0 0 0 
214.166 345.67 4.11916 -0.805621

0 0 0 0 0 0 0 1 0 0 0 0 0 1 14 19 0 0 0 0 
1 18 22 5 0 0 0 0 0 2 0 0 1 0 0 0 0 0 0 65 
1 0 0 0 12 19 68 169 0 0 0 2 134 113 72 39 0 0 0 0 
23 9 0 0 8 0 0 0 0 0 0 169 4 0 0 6 98 15 24 169 
0 0 0 33 169 24 11 13 0 0 0 3 36 0 0 0 6 0 0 0 
0 0 0 169 1 0 0 17 144 1 2 54 0 0 0 40 169 0 0 0 
0 0 0 2 19 0 0 0 
214.166 345.67 4.11916 1.49444

11 170 0 0 0 0 0 0 2 57 1 1 141 13 0 0 0 0 0 0 
170 35 0 0 0 0 0 0 22 2 0 0 13 170 0 0 0 0 0 0 
8 170 23 15 98 5 0 0 0 12 11 23 170 28 0 0 0 0 0 0 
39 3 0 0 2 61 0 0 0 0 0 0 4 170 71 19 11 0 0 0 
0 38 75 107 137 1 0 0 0 0 0 7 24 0 0 0 0 1 0 0 
0 0 0 0 0 17 16 1 0 0 0 0 0 4 25 16 1 0 0 0 
0 0 0 2 0 0 0 0 
214.166 345.67 4.11916 -0.805621

0 0 0 0 0 0 0 1 0 0 0 0 0 1 14 19 0 0 0 0 
1 18 22 5 0 0 0 0 0 2 0 0 1 0 0 0 0 0 0 65 
1 0 0 0 12 19 68 169 0 0 0 2 134 113 72 39 0 0 0 0 
23 9 0 0 8 0 0 0 0 0 0 169 4 0 0 6 98 15 24 169 
0 0 0 33 169 24 11 13 0 0 0 3 36 0 0 0 6 0 0 0 
0 0 0 169 1 0 0 17 144 1 2 54 0 0 0 40 169 0 0 0 
0 0 0 2 19 0 0 0 
214.166 345.67 4.11916 1.49444

11 170 0 0 0 0 0 0 2 57 1 1 141 13 0 0 0 0 0 0 
170 35 0 0 0 0 0 0 22 2 0 0 13 170 0 0 0 0 0 0 
8 170 23 15 98 5 0 0 0 12 11 23 170 28 0 0 0 0 0 0 
39 3 0 0 2 61 0 0 0 0 0 0 4 170 71 19 11 0 0 0 
0 38 75 107 137 1 0 0 0 0 0 7 24 0 0 0 0 1 0 0 
0 0 0 0 0 17 16 1 0 0 0 0 0 4 25 16 1 0 0 0 
0 0 0 2 0 0 0 0 
266.536 296.742 4.36627 0.193296

0 0 0 0 0 0 0 0 0 0 9 20 0 0 0 0 0 0 64 110 
0 0 0 0 0 0 113 153 0 0 0 0 0 0 0 6 11 0 0 0 
0 0 36 153 97 0 0 0 0 0 153 153 18 0 0 0 0 0 80 134 
0 0 0 0 0 0 0 1 30 2 0 0 0 0 1 56 153 45 0 0 
0 0 11 53 131 15 0 0 0 0 2 3 0 0 0 0 0 0 0 0 
14 2 0 0 0 0 0 0 153 60 0 0 0 0 0 0 153 30 0 0 
0 0 0 0 0 0 0 0 
266.536 296.742 4.36627 -0.769358

0 0 0 2 11 0 0 0 0 0 0 51 152 0 0 0 0 0 0 28 
152 0 0 0 0 0 0 0 0 0 0 0 0 0 0 3 25 1 0 0 
0 0 0 46 152 47 1 0 0 0 0 17 144 46 8 0 0 0 0 0 
0 3 1 0 0 0 0 0 10 6 0 0 0 0 0 1 106 152 32 0 
0 0 0 0 24 152 152 0 0 0 0 0 0 125 79 0 0 0 0 0 
0 0 0 0 0 0 0 0 0 25 9 0 0 0 0 0 0 114 70 0 
0 0 0 0 0 152 117 0 
266.741 197.367 4.47985 -2.35

0 0 0 0 0 0 0 0 0 0 9 23 0 0 0 0 0 0 72 104 
0 0 0 0 0 0 122 152 0 0 0 0 0 0 0 6 9 0 0 0 
0 0 35 152 110 1 0 0 0 0 152 152 25 0 0 0 0 0 88 123 
0 0 0 0 0 0 0 1 24 2 0 0 0 0 1 44 152 38 0 0 
0 0 8 43 144 14 0 0 0 0 1 3 0 0 0 0 0 0 0 0 
12 1 0 0 0 0 0 0 152 42 0 0 0 0 0 0 152 21 0 0 
0 0 0 0 0 0 0 0 
266.741 197.367 4.47985 2.93675

0 0 0 2 16 0 0 0 0 0 0 57 155 0 0 0 0 0 0 25 
147 0 0 0 0 0 0 0 0 0 0 0 0 0 0 2 32 2 0 0 
0 0 0 42 155 62 2 0 0 0 0 13 122 55 13 0 0 0 0 0 
0 3 2 0 0 0 0 0 11 7 0 0 0 0 0 0 92 155 41 0 
0 0 0 0 16 155 155 0 0 0 0 0 0 139 88 0 0 0 0 0 
0 0 0 0 0 0 0 0 0 18 8 0 0 0 0 0 0 101 63 0 
0 0 0 0 0 155 116 0 
203.196 276.773 4.81002 0.477895

0 0 0 3 13 0 0 12 0 0 0 69 148 0 0 0 0 0 0 46 
148 0 0 0 0 0 0 0 2 0 0 0 0 0 0 4 32 1 0 0 
0 0 0 51 148 47 0 0 0 0 0 22 148 54 9 0 0 0 0 0 
0 5 3 0 0 0 0 0 13 9 0 0 0 0 0 1 101 148 31 0 
0 0 0 0 23 148 147 0 0 0 0 0 0 131 84 0 0 0 0 0 
0 1 0 0 0 0 0 0 0 29 12 0 0 0 0 0 0 116 72 0 
0 0 0 0 0 148 113 0 
203.196 276.773 4.81002 1.4214

0 0 0 1 0 0 0 0 0 0 12 27 0 0 0 0 0 0 72 109 
0 0 0 0 0 0 117 148 0 0 0 0 0 0 0 8 14 0 0 0 
0 0 33 148 99 0 0 0 0 0 148 148 20 0 0 0 0 0 93 132 
0 0 0 0 0 0 0 1 35 4 0 0 0 0 1 51 148 47 0 0 
0 0 11 58 144 19 0 0 0 0 3 5 0 0 0 0 0 0 0 0 
15 3 0 0 0 0 0 0 148 64 0 0 0 0 0 0 148 39 0 0 
0 0 0 0 2 0 0 0 
170.258 247.486 10.166 0.403959

0 0 0 0 0 0 0 1 0 0 0 0 0 1 17 37 0 0 0 0 
5 31 38 13 0 0 0 0 3 5 0 0 2 0 0 0 0 13 30 59 
9 0 0 0 15 16 48 155 0 0 0 5 155 92 61 54 0 0 0 1 
36 6 0 0 1 0 0 0 0 66 155 127 4 0 0 2 96 20 47 155 
0 0 0 22 155 44 7 13 0 0 0 3 38 10 3 0 5 2 0 0 
0 13 62 15 0 0 0 0 55 39 16 22 0 0 0 1 124 155 55 0 
0 0 0 0 6 125 89 0 
170.258 247.486 10.166 2.73374

6 15 64 14 0 0 0 2 0 24 19 33 52 0 0 0 0 0 50 155 
134 1 0 0 0 0 86 125 7 0 0 0 1 115 155 74 0 0 0 0 
6 155 57 13 86 1 0 0 0 16 10 39 155 20 0 0 0 0 2 10 
45 3 0 0 2 51 30 15 0 0 0 0 10 155 46 13 12 0 0 0 
0 62 65 93 155 4 0 0 0 0 0 8 40 1 0 0 0 1 0 0 
0 0 0 0 0 34 15 0 0 0 0 0 0 14 38 29 5 0 0 0 
0 0 0 6 3 0 0 0 
221.274 168.803 10.5679 -2.32658

5 44 91 16 0 0 0 1 0 43 12 24 91 2 0 0 0 0 23 144 
156 7 0 0 0 0 34 60 13 0 0 0 1 156 156 44 0 0 0 0 
4 156 33 14 90 3 0 0 0 18 11 22 156 26 0 0 0 0 0 0 
41 3 0 0 1 51 7 4 0 0 0 0 3 156 50 14 11 0 0 0 
0 57 69 99 156 2 0 0 0 0 0 8 31 0 0 0 0 0 0 0 
0 0 0 0 0 23 12 0 0 0 0 0 0 10 27 21 2 0 0 0 
0 0 0 4 1 0 0 0 
221.274 168.803 10.5679 1.63601

0 0 0 0 0 0 0 1 0 0 0 0 0 1 16 25 0 0 0 0 
3 22 29 8 0 0 0 0 1 2 0 0 2 0 0 0 0 1 5 61 
6 0 0 0 16 19 56 155 0 0 0 2 155 93 62 45 0 0 0 0 
26 5 0 0 3 0 0 0 0 28 135 155 7 0 0 3 110 16 27 155 
0 0 0 21 155 22 8 11 0 0 0 2 33 1 0 0 1 0 0 0 
0 13 93 51 0 0 0 1 95 30 9 38 0 0 0 4 155 155 35 0 
0 0 0 0 9 70 49 0 
194.35 211.282 11.5623 1.77608

0 0 0 0 0 6 77 132 0 0 0 11 105 43 81 98 0 0 0 15 
118 23 5 0 0 0 0 0 3 0 0 0 0 0 0 0 19 12 113 99 
0 0 0 37 132 49 18 24 0 0 0 24 132 44 4 0 0 0 0 0 
1 4 1 0 0 0 1 4 15 9 9 2 0 0 9 18 112 132 10 0 
0 0 5 12 42 132 50 0 0 0 0 2 18 69 10 0 2 23 7 48 
18 0 0 0 0 0 104 132 27 17 1 0 0 0 132 103 29 55 4 0 
0 0 13 45 40 24 0 0 
194.35 211.282 11.5623 2.57802

1 0 0 0 11 54 10 10 0 0 2 23 11 124 132 0 0 0 9 79 
28 90 132 0 0 0 2 45 49 51 18 0 1 2 13 13 12 2 0 0 
0 0 14 132 100 9 6 0 0 0 59 132 34 6 2 0 0 0 13 86 
12 0 0 0 0 78 132 29 14 0 0 0 0 34 33 60 132 30 0 0 
0 0 4 47 132 25 0 0 0 0 1 4 1 0 0 0 0 107 88 18 
0 0 0 0 0 97 93 44 73 6 0 0 0 0 8 32 94 10 0 0 
0 0 0 0 2 0 0 0 
223.221 319.804 12.1424 -0.788165

0 0 0 0 0 0 0 2 0 0 0 0 0 1 18 33 0 0 0 0 
4 28 35 11 0 0 0 0 2 5 0 0 0 0 0 0 0 34 68 57 
0 0 0 0 14 18 80 151 0 0 0 4 151 98 68 44 0 0 0 1 
35 8 0 0 10 2 0 0 0 66 151 91 0 0 0 2 103 25 95 151 
0 0 0 20 151 57 11 9 0 0 0 3 38 13 3 0 44 5 0 0 
0 3 35 22 0 0 0 1 55 46 15 11 0 0 1 3 113 151 44 0 
0 0 0 0 7 142 64 0 
223.221 319.804 12.1424 1.44436

26 13 43 6 0 0 0 4 0 12 17 40 54 3 0 0 0 0 35 151 
119 10 3 0 0 0 47 137 18 5 1 0 3 87 151 80 0 0 0 1 
0 151 104 23 91 2 0 0 0 12 14 59 151 26 0 0 0 0 4 15 
44 4 0 0 0 51 64 33 0 0 0 0 0 151 83 14 11 0 0 0 
0 52 80 97 151 5 0 0 0 0 0 9 41 1 0 0 0 1 0 0 
0 0 0 0 0 29 16 0 0 0 0 0 0 12 38 24 3 0 0 0 
0 0 0 6 2 0 0 0 
318.67 200.734 12.3254 -1.01009

22 26 85 10 0 0 0 9 0 33 24 47 48 1 0 0 0 0 70 153 
99 6 2 0 0 0 101 127 9 5 1 0 3 134 153 46 0 0 0 0 
12 153 50 23 94 2 0 0 0 14 12 58 153 24 0 0 0 0 9 16 
35 3 0 0 3 52 21 6 0 0 0 0 17 153 39 14 14 0 0 0 
0 59 54 82 153 6 0 0 0 0 0 6 40 1 0 0 0 1 0 0 
0 0 0 0 0 40 15 1 0 0 0 0 0 17 38 31 7 0 0 0 
0 0 0 6 4 0 0 0 
318.67 200.734 12.3254 2.91486

0 0 0 0 0 0 0 1 0 0 0 0 0 1 15 40 0 0 0 0 
7 31 39 17 0 0 0 0 4 6 0 0 3 0 0 0 0 24 36 43 
21 0 0 0 13 14 40 155 0 0 0 4 155 84 55 61 0 0 0 1 
41 6 0 0 5 2 0 0 0 91 155 94 13 0 0 2 92 20 71 155 
0 0 0 23 155 39 9 16 0 0 0 3 42 8 1 0 46 19 0 0 
0 11 61 18 0 0 0 0 62 43 27 26 0 0 0 2 144 155 39 0 
0 0 0 0 10 123 54 0 
223.407 174.621 12.3295 -2.34894

53 23 30 2 0 0 0 6 0 10 15 40 44 1 0 0 0 0 44 151 
102 4 2 0 0 0 71 151 8 2 0 0 14 80 151 67 0 0 0 4 
0 151 98 24 91 1 0 0 0 11 12 64 151 18 0 0 0 0 4 17 
41 3 0 0 0 52 74 37 0 0 0 0 0 151 75 16 13 0 0 0 
0 51 70 98 151 4 0 0 0 0 0 9 39 1 0 0 0 2 0 0 
0 0 0 0 0 34 17 0 0 0 0 0 0 13 37 28 4 0 0 0 
0 0 0 6 2 0 0 0 
223.407 174.621 12.3295 1.69579

0 0 0 0 0 0 0 1 0 0 0 0 0 0 18 32 0 0 0 0 
4 26 40 13 0 0 0 0 3 6 0 0 0 0 0 0 0 39 74 53 
0 0 0 0 13 14 85 151 0 0 0 6 151 95 77 53 0 0 0 2 
42 9 0 0 5 2 0 0 0 80 151 80 0 0 0 2 95 23 103 151 
0 0 0 25 151 66 13 11 0 0 0 3 41 18 5 0 31 5 0 0 
0 4 34 13 0 0 0 5 48 39 15 9 0 0 6 15 104 151 36 0 
0 0 2 8 19 142 46 0 
270.465 309.048 12.6393 -0.70374

0 0 0 0 1 11 78 135 0 0 0 10 111 47 76 94 0 0 0 10 
91 21 3 0 0 0 0 0 0 0 0 0 0 0 0 0 20 18 118 93 
0 0 0 34 135 61 18 26 0 0 0 17 109 45 5 0 0 0 0 0 
0 3 1 0 1 2 2 4 13 10 6 3 0 0 13 13 92 135 19 0 
0 0 7 7 25 135 73 0 0 0 0 1 9 85 16 0 8 44 11 46 
16 0 0 0 0 0 135 134 25 17 2 0 0 0 135 62 19 70 11 0 
0 0 29 47 39 48 3 0 
270.465 309.048 12.6393 0.16317

1 0 0 0 7 26 20 28 0 0 3 23 19 131 88 0 0 0 13 74 
25 103 131 0 0 0 2 37 41 49 17 0 5 7 17 9 12 1 0 0 
0 0 18 131 111 8 4 0 0 0 73 131 34 7 2 0 0 0 14 70 
12 1 0 0 1 131 118 21 14 0 0 0 0 47 14 44 131 30 0 0 
0 0 4 33 127 17 0 0 0 0 0 2 0 0 0 0 2 131 33 8 
0 0 0 0 1 124 48 37 112 8 0 0 0 0 3 17 106 9 0 0 
0 0 0 0 1 0 0 0 
317.299 292.46 12.8079 -2.13296

0 0 0 0 0 0 0 1 0 0 0 0 0 0 14 45 0 0 0 0 
10 34 42 23 0 0 0 0 5 8 0 0 2 0 0 0 0 13 39 47 
18 0 0 0 14 12 36 155 0 0 0 8 155 78 54 73 0 0 0 2 
46 6 0 0 5 2 0 0 0 59 155 101 10 0 0 1 82 23 67 155 
0 0 0 21 155 84 17 17 0 0 0 3 36 29 19 0 44 17 0 0 
0 6 56 17 0 0 1 4 30 37 22 22 0 0 11 16 70 155 70 0 
0 0 9 17 12 141 106 0 
317.299 292.46 12.8079 0.22856

72 17 35 5 0 0 0 28 1 14 21 38 42 1 0 0 0 0 46 155 
101 6 2 0 0 0 62 148 12 4 1 0 11 71 155 95 0 0 0 8 
10 155 85 23 90 1 0 0 0 15 9 59 155 19 0 0 0 0 4 16 
38 2 0 0 2 41 59 40 0 0 0 0 23 155 41 14 16 0 0 0 
1 66 50 78 155 5 0 0 0 0 0 5 43 1 0 0 0 1 0 0 
0 0 0 0 1 47 16 1 0 0 0 0 0 22 42 35 11 0 0 0 
0 0 0 6 5 0 0 0 
250.901 247.102 45.5567 -2.91632

1 0 0 0 0 0 0 4 2 0 0 0 0 6 45 26 0 0 0 0 
0 24 41 1 0 0 0 0 0 3 0 0 43 3 0 0 0 0 0 35 
138 35 8 8 14 49 138 138 5 5 6 27 138 138 138 26 0 0 0 0 
40 14 0 0 42 39 0 0 0 0 0 8 136 138 138 50 15 9 9 49 
5 27 138 138 138 29 7 6 0 0 0 15 39 0 0 0 0 4 0 0 
0 0 0 0 0 30 43 5 0 0 0 0 0 2 38 26 0 0 0 0 
0 0 0 2 0 0 0 0 
250.901 247.102 45.5567 -0.246503

0 0 0 0 0 0 0 3 0 0 0 0 0 4 38 34 0 0 0 0 
0 29 49 4 0 0 0 0 0 4 1 0 31 6 0 0 0 0 0 25 
139 54 9 6 7 31 129 139 12 11 11 35 139 139 139 48 0 0 0 1 
58 25 1 0 29 23 0 0 0 0 0 2 139 139 130 31 6 4 5 30 
11 45 139 139 139 25 6 7 0 0 2 23 55 1 0 0 0 2 0 0 
0 0 0 0 2 24 34 4 0 0 0 0 0 2 44 23 0 0 0 0 
0 0 1 4 0 0 0 0 
