3 128
98.4119 93.0532 30.9963 3.13661

0 0 0 0 0 0 0 0 1 2 13 0 0 0 0 2 0 0 15 3 
2 4 1 0 0 0 0 0 0 1 0 0 0 0 0 1 10 2 2 2 
19 40 131 131 131 44 20 17 131 131 131 54 27 30 42 54 24 4 1 0 
1 8 14 9 0 6 6 4 9 0 0 0 45 59 41 54 131 129 131 46 
131 60 72 81 58 58 131 131 22 11 27 22 2 0 0 3 0 2 0 0 
0 0 0 0 17 20 2 0 1 2 10 6 2 0 3 25 20 7 12 3 
0 0 2 7 1 0 0 0 
98.4119 93.0532 30.9963 -0.00773722

1 0 0 0 0 0 1 7 20 7 12 3 2 0 3 24 1 2 10 6 
17 21 2 0 0 0 0 0 0 2 0 0 2 0 0 3 22 11 27 23 
58 58 131 131 131 60 72 82 131 129 131 46 45 59 41 54 9 0 0 0 
0 6 6 3 1 8 14 9 24 4 1 0 27 30 42 54 131 131 131 54 
131 44 20 17 20 39 131 131 10 2 2 2 0 0 0 1 0 1 0 0 
0 0 0 0 2 4 1 0 0 0 15 3 0 0 0 2 1 2 14 0 
0 0 0 0 0 0 0 0 
98.4119 93.0532 30.9963 1.57554

0 0 0 0 0 0 0 1 14 9 24 4 1 0 1 8 0 3 22 11 
27 21 1 0 0 0 0 0 2 7 1 0 0 0 0 0 15 3 2 3 
42 54 131 131 131 53 27 30 131 131 131 60 73 81 57 58 11 3 2 0 
4 26 20 7 0 2 2 2 13 0 0 0 20 18 19 40 131 131 131 43 
131 46 46 59 41 54 131 128 10 6 17 19 2 0 1 3 0 0 0 0 
0 0 0 0 1 2 0 0 0 1 10 2 0 0 0 6 6 4 9 0 
0 0 0 2 0 0 0 0 
