6 128
55.122 53.0796 5.21062 2.79042

1 3 12 13 124 105 0 0 4 19 31 72 90 31 0 0 0 0 8 124 
124 25 0 0 0 0 0 24 27 28 0 0 12 89 71 33 86 18 0 0 
0 0 2 26 124 33 0 0 0 0 0 11 111 72 13 2 0 0 0 0 
12 124 12 0 124 89 10 12 24 3 0 2 3 2 2 27 124 19 0 0 
7 14 7 13 57 22 16 10 6 8 0 0 47 104 14 4 124 89 0 0 
14 5 0 2 7 12 1 11 124 50 2 0 17 18 10 20 49 29 23 14 
25 12 0 1 57 20 6 16 
37.743 37.2757 6.40264 -3.10601

29 36 17 107 95 0 0 2 0 0 11 119 119 16 0 0 0 0 12 77 
104 42 0 0 0 0 5 11 8 3 0 0 26 4 3 119 119 0 0 8 
12 8 5 55 91 49 9 2 1 0 0 2 119 112 3 0 0 0 0 0 
37 10 0 0 18 28 2 42 119 78 22 2 30 9 4 33 71 41 47 31 
3 0 0 70 119 11 1 2 0 0 0 8 42 0 0 0 29 86 2 9 
15 43 17 0 0 1 1 117 102 31 28 4 0 0 0 119 95 0 0 0 
0 0 0 6 9 0 0 0 
28.8738 56.8198 6.688 2.89489

86 111 38 20 37 0 0 0 1 3 3 40 128 7 1 0 1 1 0 5 
61 103 11 1 0 0 0 0 35 69 0 0 128 77 0 4 41 2 0 2 
9 10 3 36 128 31 7 2 22 17 4 10 64 42 17 15 0 0 0 3 
128 48 0 0 101 128 5 1 10 3 0 0 7 115 16 3 58 91 52 3 
7 4 1 26 113 44 75 21 0 0 0 41 128 4 0 0 11 121 4 0 
0 0 0 0 11 128 17 1 2 3 3 0 0 9 3 11 51 5 3 0 
0 0 0 7 27 0 0 0 
99.9748 58.6941 7.44846 -3.05859

0 0 0 0 6 1 0 0 0 0 0 0 13 3 0 0 5 2 0 0 
0 0 0 0 1 0 0 0 0 0 0 0 0 34 27 3 47 15 0 0 
7 11 2 6 131 45 0 0 92 90 14 5 18 1 0 0 16 26 84 58 
0 0 0 0 3 131 124 11 15 1 0 0 3 42 39 79 131 7 0 0 
29 69 123 99 40 0 0 0 2 12 131 131 0 0 0 0 110 131 26 1 
0 0 0 12 32 51 25 98 54 0 0 2 0 0 27 131 84 6 0 0 
0 0 33 83 34 7 0 0 
37.5136 78.6144 8.25869 0.128964

58 9 2 0 0 0 0 63 19 17 2 0 39 33 0 8 0 0 0 0 
64 47 0 0 0 0 0 0 4 1 0 0 88 30 11 3 1 0 0 45 
80 52 8 2 70 53 1 38 3 0 0 5 140 109 0 2 0 0 0 0 
31 5 0 0 108 25 0 0 0 0 1 79 71 0 0 25 106 20 8 119 
1 0 0 76 140 26 0 1 0 0 0 5 31 3 0 0 60 0 0 0 
2 10 59 140 60 0 0 4 53 132 50 96 0 0 0 12 99 140 73 0 
0 0 0 0 4 65 44 0 
92.1827 84.6536 11.2193 1.15539

0 0 0 10 18 141 12 0 0 0 0 14 39 151 94 7 0 0 0 2 
2 36 151 70 11 0 3 35 4 1 50 48 0 0 1 27 9 5 2 6 
0 0 1 39 60 57 111 87 0 0 23 117 151 54 124 15 0 0 81 151 
18 2 17 3 0 0 0 0 0 0 2 5 0 0 0 1 95 24 33 65 
0 0 4 55 151 63 6 4 0 0 19 46 56 6 0 0 0 0 0 0 
0 0 0 0 0 0 0 0 18 9 0 0 0 0 0 0 65 27 0 0 
0 0 0 0 4 1 0 0 
