63 128
190.501 164.6 0.904897 -2.74422

143 0 0 0 1 0 0 36 75 0 0 38 143 0 0 14 0 0 0 30 
134 0 0 0 0 0 0 0 2 0 0 0 143 2 0 0 8 0 0 46 
59 0 0 42 143 6 0 12 0 0 0 24 128 2 0 0 0 0 0 0 
1 0 0 0 143 34 0 0 8 1 0 6 60 8 0 5 143 51 0 1 
0 0 0 3 133 21 0 0 0 0 0 0 1 0 0 0 143 12 0 0 
4 0 0 6 60 4 0 14 143 10 0 1 0 0 0 8 122 4 0 0 
0 0 0 0 1 0 0 0 
112.822 168.388 0.907623 -0.369944

141 0 0 0 2 0 0 25 63 0 0 15 141 9 0 10 0 0 0 8 
134 4 0 0 0 0 0 0 1 0 0 0 141 10 0 2 8 0 0 42 
53 2 0 66 141 5 0 10 0 0 0 27 126 2 0 0 0 0 0 0 
1 0 0 0 141 54 0 0 8 0 0 1 57 14 0 6 141 48 0 0 
0 0 0 2 125 26 0 0 0 0 0 0 1 0 0 0 141 18 0 0 
1 0 0 0 78 5 0 0 141 20 0 0 0 0 0 0 139 14 0 0 
0 0 0 0 2 0 0 0 
73.6187 320.61 0.907703 1.0014

158 1 0 0 10 0 0 7 45 0 0 8 158 5 0 2 0 0 0 2 
100 2 0 0 0 0 0 0 0 0 0 0 158 2 0 0 12 0 0 7 
58 0 0 12 158 3 0 1 0 0 0 3 130 2 0 0 0 0 0 0 
0 0 0 0 158 2 0 0 14 0 0 12 54 0 0 12 158 4 0 2 
0 0 0 3 125 3 0 0 0 0 0 0 0 0 0 0 158 0 0 2 
16 0 0 32 29 0 0 36 158 0 0 5 0 0 0 11 77 0 0 0 
0 0 0 0 0 0 0 0 
198.36 333.598 0.908942 2.72498

141 0 0 0 2 0 0 23 67 0 0 31 141 0 0 9 0 0 0 17 
124 0 0 0 0 0 0 0 1 0 0 0 141 3 0 0 8 0 0 35 
61 0 0 30 141 4 0 11 0 0 0 13 134 1 0 0 0 0 0 0 
1 0 0 0 141 40 0 0 7 0 0 3 65 11 0 2 141 41 0 1 
0 0 0 1 134 23 0 0 0 0 0 0 1 0 0 0 141 47 0 0 
1 0 0 0 76 24 0 0 141 51 0 0 0 0 0 0 126 48 0 0 
0 0 0 0 2 1 0 0 
82.4307 193.572 0.909906 -1.13874

144 11 0 0 4 0 0 3 58 3 0 3 144 17 0 1 0 0 0 2 
118 7 0 0 0 0 0 0 1 0 0 0 144 3 0 0 8 0 0 28 
66 1 0 29 144 5 0 8 0 0 0 16 137 1 0 0 0 0 0 0 
1 0 0 0 144 34 0 0 9 0 0 4 59 11 0 4 144 36 0 0 
0 0 0 2 129 18 0 0 0 0 0 0 1 0 0 0 144 48 0 0 
1 0 0 0 66 23 0 0 144 63 0 0 0 0 0 0 115 53 0 0 
0 0 0 0 2 1 0 0 
76.3991 316.388 0.913161 -2.11706

155 0 0 0 6 0 0 17 54 0 0 27 155 0 0 5 0 0 0 13 
109 0 0 0 0 0 0 0 1 0 0 0 155 0 0 0 11 0 0 17 
60 0 0 16 155 0 0 4 0 0 0 5 134 0 0 0 0 0 0 0 
1 0 0 0 155 2 0 0 13 0 0 9 55 0 0 15 155 0 0 2 
0 0 0 4 125 0 0 0 0 0 0 0 0 0 0 0 155 0 0 2 
14 0 0 25 33 0 0 30 155 0 0 4 0 0 0 8 80 0 0 0 
0 0 0 0 0 0 0 0 
78.4527 202.556 0.915466 -1.16266

150 0 0 0 3 0 0 14 64 0 0 11 150 0 0 4 0 0 0 8 
122 0 0 0 0 0 0 0 1 0 0 0 150 1 0 0 8 0 0 22 
65 0 0 21 150 2 0 5 0 0 0 12 131 0 0 0 0 0 0 0 
1 0 0 0 150 18 0 0 10 0 0 3 61 5 0 3 150 19 0 0 
0 0 0 2 131 7 0 0 0 0 0 0 1 0 0 0 150 9 0 0 
6 0 0 0 54 3 0 2 150 9 0 0 0 0 0 1 110 4 0 0 
0 0 0 0 0 0 0 0 
213.525 186.559 0.921 0.926183

148 5 0 0 4 0 0 4 61 1 0 1 148 6 0 1 0 0 0 0 
115 3 0 0 0 0 0 0 0 0 0 0 148 1 0 0 7 0 0 24 
69 0 0 21 148 2 0 7 0 0 0 9 135 1 0 0 0 0 0 0 
1 0 0 0 148 23 0 0 8 0 0 3 67 6 0 3 148 21 0 1 
0 0 0 1 131 13 0 0 0 0 0 0 0 0 0 0 148 23 0 0 
2 0 0 0 68 8 0 0 148 21 0 0 0 0 0 0 121 15 0 0 
0 0 0 0 1 0 0 0 
71.4687 309.514 0.921293 -2.21237

156 2 0 0 8 0 0 2 51 0 0 4 156 3 0 1 0 0 0 0 
103 1 0 0 0 0 0 0 0 0 0 0 156 1 0 0 11 0 0 10 
61 0 0 9 156 4 0 3 0 0 0 2 125 1 0 0 0 0 0 0 
0 0 0 0 156 12 0 0 10 0 0 4 63 3 0 6 156 13 0 1 
0 0 0 1 128 5 0 0 0 0 0 0 0 0 0 0 156 3 0 0 
8 0 0 12 47 1 0 11 156 4 0 3 0 0 0 3 99 2 0 0 
0 0 0 0 0 0 0 0 
190.856 169.451 0.921637 0.243072

151 66 0 0 26 10 0 0 13 7 0 0 153 90 0 0 0 0 0 0 
52 19 0 0 0 0 0 0 0 0 0 0 153 49 0 0 13 1 0 0 
52 8 0 4 153 27 0 0 0 0 0 1 124 6 0 0 0 0 0 0 
0 0 0 0 153 6 0 0 11 0 0 1 64 1 0 2 153 10 0 0 
0 0 0 1 132 2 0 0 0 0 0 0 0 0 0 0 153 14 0 0 
8 0 0 1 52 4 0 1 153 26 0 0 0 0 0 1 102 11 0 0 
0 0 0 0 0 0 0 0 
186.163 162.503 0.922938 -2.70987

145 18 0 0 5 0 0 9 52 4 0 8 145 29 0 2 0 0 0 4 
105 12 0 0 0 0 0 0 1 0 0 0 145 11 0 1 5 0 0 14 
75 3 0 27 145 11 0 3 0 0 0 14 143 4 0 0 0 0 0 0 
1 0 0 0 145 31 0 0 5 0 0 2 72 11 0 5 145 32 0 0 
0 0 0 2 143 14 0 0 0 0 0 0 1 0 0 0 145 7 0 0 
2 0 0 18 68 2 0 15 145 11 0 6 0 0 0 10 125 4 0 0 
0 0 0 0 1 0 0 0 
113.581 163.577 0.925845 2.90822

149 0 0 1 4 0 0 33 59 0 0 49 149 0 0 11 0 0 0 25 
110 0 0 0 0 0 0 0 1 0 0 0 149 3 0 1 12 0 0 17 
60 0 0 27 149 3 0 4 0 0 0 8 124 1 0 0 0 0 0 0 
0 0 0 0 149 5 0 1 13 1 0 46 53 0 0 19 149 16 0 8 
0 0 0 4 123 6 0 0 0 0 0 0 0 0 0 0 148 0 0 12 
23 0 0 76 13 0 0 101 149 0 0 9 0 0 0 21 57 0 0 0 
0 0 0 0 0 0 0 0 
86.4696 330.473 0.927041 -2.14118

144 0 0 0 2 0 0 20 71 0 0 26 144 0 0 7 0 0 0 13 
125 0 0 0 0 0 0 0 1 0 0 0 144 3 0 0 8 0 0 30 
66 0 0 31 144 3 0 9 0 0 0 14 131 2 0 0 0 0 0 0 
1 0 0 0 144 37 0 0 6 0 0 2 68 10 0 3 144 38 0 0 
0 0 0 1 132 22 0 0 0 0 0 0 1 0 0 0 144 10 0 0 
2 0 0 21 70 3 0 15 144 12 0 7 0 0 0 7 129 7 0 0 
0 0 0 0 1 0 0 0 
95.4731 346.489 0.930829 0.615877

155 34 0 0 11 2 0 0 41 6 0 0 155 40 0 0 0 0 0 0 
86 12 0 0 0 0 0 0 0 0 0 0 155 7 0 0 11 0 0 9 
67 1 0 8 155 8 0 1 0 0 0 5 133 2 0 0 0 0 0 0 
0 0 0 0 155 8 0 0 11 0 0 10 64 2 0 11 155 7 0 1 
0 0 0 4 130 2 0 0 0 0 0 0 0 0 0 0 155 0 0 3 
15 0 0 47 31 0 0 53 155 0 0 7 0 0 0 17 71 0 0 0 
0 0 0 0 0 0 0 0 
64.5141 224.041 0.931554 1.9224

147 43 0 0 6 0 0 0 47 13 0 3 147 16 0 0 0 0 0 1 
113 6 0 0 0 0 0 0 0 0 0 0 147 7 0 0 7 0 0 18 
72 2 0 26 147 3 0 3 0 0 0 13 133 1 0 0 0 0 0 0 
0 0 0 0 147 29 0 0 8 0 0 4 65 10 0 4 147 36 0 0 
0 0 0 1 126 17 0 0 0 0 0 0 0 0 0 0 147 29 0 0 
2 0 0 0 69 12 0 1 147 26 0 0 0 0 0 1 127 14 0 0 
0 0 0 0 1 0 0 0 
66.4363 310.377 0.931601 0.930957

154 18 0 0 7 1 0 1 49 3 0 3 154 26 0 0 0 0 0 0 
94 10 0 0 0 0 0 0 0 0 0 0 154 3 0 0 9 0 0 12 
66 1 0 18 154 5 0 4 0 0 0 6 128 2 0 0 0 0 0 0 
0 0 0 0 154 11 0 0 9 0 0 3 68 3 0 6 154 13 0 1 
0 0 0 1 131 5 0 0 0 0 0 0 0 0 0 0 154 1 0 0 
7 0 0 7 54 0 0 10 154 0 0 2 0 0 0 2 104 0 0 0 
0 0 0 0 0 0 0 0 
77.487 193.83 0.932158 1.98528

145 32 0 0 4 1 0 1 56 8 0 1 145 39 0 0 0 0 0 1 
105 15 0 0 0 0 0 0 0 0 0 0 145 6 0 0 5 0 0 21 
78 2 0 25 145 6 0 5 0 0 0 13 142 2 0 0 0 0 0 0 
1 0 0 0 145 22 0 0 6 0 0 3 72 7 0 4 145 21 0 0 
0 0 0 2 141 9 0 0 0 0 0 0 1 0 0 0 145 6 0 0 
3 0 0 3 68 2 0 0 145 10 0 0 0 0 0 1 122 3 0 0 
0 0 0 0 1 0 0 0 
87.9967 178.959 0.93314 2.31253

155 50 0 0 17 3 0 0 29 7 0 0 155 49 0 0 0 0 0 0 
69 14 0 0 0 0 0 0 0 0 0 0 155 18 0 0 12 0 0 0 
65 4 0 0 155 17 0 0 0 0 0 0 127 6 0 0 0 0 0 0 
0 0 0 0 155 8 0 0 9 0 0 4 71 3 0 5 155 10 0 1 
0 0 0 2 135 5 0 0 0 0 0 0 0 0 0 0 155 0 0 1 
11 0 0 29 43 0 0 32 155 0 0 6 0 0 0 13 88 0 0 0 
0 0 0 0 0 0 0 0 
68.4529 305.445 0.933951 -2.18198

149 4 0 0 4 0 0 6 63 1 0 7 149 5 0 2 0 0 0 2 
115 2 0 0 0 0 0 0 0 0 0 0 149 2 0 0 8 0 0 23 
68 1 0 24 149 2 0 7 0 0 0 9 131 0 0 0 0 0 0 0 
1 0 0 0 149 22 0 0 9 0 0 3 66 7 0 3 149 17 0 1 
0 0 0 1 129 10 0 0 0 0 0 0 0 0 0 0 149 26 0 0 
3 0 0 0 66 9 0 0 149 28 0 0 0 0 0 0 114 19 0 0 
0 0 0 0 1 0 0 0 
169.288 345.495 0.934029 2.719

146 12 0 0 5 0 0 5 57 3 0 8 146 13 0 1 0 0 0 3 
105 7 0 0 0 0 0 0 0 0 0 0 146 4 0 0 6 0 0 19 
73 0 0 17 146 6 0 7 0 0 0 7 141 3 0 0 0 0 0 0 
1 0 0 0 146 18 0 0 6 0 0 3 76 5 0 3 146 18 0 1 
0 0 0 1 139 10 0 0 0 0 0 0 1 0 0 0 146 35 0 0 
1 0 0 0 72 16 0 0 146 32 0 0 0 0 0 0 122 26 0 0 
0 0 0 0 1 0 0 0 
179.807 164.436 0.934244 0.334307

139 0 0 0 1 0 0 27 77 0 0 26 139 0 0 12 0 0 0 21 
125 0 0 0 0 0 0 0 1 0 0 0 139 2 0 0 6 0 0 29 
75 0 0 32 139 2 0 8 0 0 0 17 134 1 0 0 0 0 0 0 
1 0 0 0 139 39 0 0 6 0 0 3 65 15 0 4 139 47 0 0 
0 0 0 1 126 27 0 0 0 0 0 0 1 0 0 0 139 38 0 0 
0 0 0 0 84 17 0 0 139 44 0 1 0 0 0 0 139 28 0 0 
0 0 0 0 2 0 0 0 
72.4606 205.503 0.939071 1.93054

152 7 0 0 6 0 0 5 57 2 0 6 152 5 0 1 0 0 0 3 
107 1 0 0 0 0 0 0 0 0 0 0 152 3 0 0 9 0 0 2 
70 1 0 6 152 3 0 0 0 0 0 3 131 1 0 0 0 0 0 0 
0 0 0 0 152 9 0 0 8 0 0 3 71 2 0 1 152 21 0 1 
0 0 0 1 132 6 0 0 0 0 0 0 0 0 0 0 152 0 0 0 
9 0 0 48 42 0 0 26 152 4 0 11 0 0 0 12 93 1 0 0 
0 0 0 0 0 0 0 0 
173.565 348.565 0.940402 -0.432987

148 18 0 0 5 0 0 0 58 4 0 1 148 22 0 0 0 0 0 0 
103 11 0 0 0 0 0 0 0 0 0 0 148 5 0 0 6 0 0 12 
77 2 0 22 148 5 0 3 0 0 0 7 141 3 0 0 0 0 0 0 
1 0 0 0 148 18 0 0 5 0 0 6 79 5 0 6 148 19 0 2 
0 0 0 2 141 11 0 0 0 0 0 0 1 0 0 0 148 1 0 0 
4 0 0 22 59 0 0 30 148 1 0 7 0 0 0 12 105 1 0 0 
0 0 0 0 1 0 0 0 
107.134 347.48 0.942305 -2.68892

132 0 0 0 0 0 0 61 73 0 0 63 124 0 0 44 0 0 0 77 
111 0 0 0 0 0 0 3 3 0 0 0 143 1 0 0 5 0 0 29 
77 0 0 35 143 3 0 9 0 0 0 23 133 1 0 0 0 0 0 0 
1 0 0 0 143 13 0 0 6 0 0 2 79 3 0 3 143 24 0 1 
0 0 0 2 140 8 0 0 0 0 0 0 1 0 0 0 143 2 0 0 
4 0 0 4 67 1 0 10 143 2 0 0 0 0 0 5 114 0 0 0 
0 0 0 0 0 0 0 0 
202.562 173.618 0.942424 0.516018

131 0 0 0 0 0 0 31 95 0 0 30 131 0 0 16 0 0 0 28 
131 0 0 0 0 0 0 0 2 0 0 0 131 2 0 0 4 0 0 40 
81 0 0 41 131 4 0 13 0 0 0 25 131 2 0 0 0 0 0 0 
1 0 0 0 131 48 0 0 4 0 0 5 75 19 0 3 131 61 0 1 
0 0 0 2 131 40 0 0 0 0 0 0 1 0 0 0 125 59 0 0 
0 0 0 0 90 49 0 0 108 60 0 0 0 0 0 0 129 83 0 0 
0 0 0 0 4 4 0 0 
96.3098 341.378 0.942568 -2.50879

148 1 0 0 5 0 0 15 59 0 0 17 148 3 0 5 0 0 0 11 
105 1 0 0 0 0 0 0 0 0 0 0 148 2 0 0 9 0 0 11 
71 0 0 14 148 4 0 2 0 0 0 8 129 1 0 0 0 0 0 0 
0 0 0 0 148 26 0 0 8 0 0 2 68 8 0 2 148 32 0 0 
0 0 0 1 124 15 0 0 0 0 0 0 0 0 0 0 148 44 0 0 
2 0 0 0 71 19 0 0 148 48 0 0 0 0 0 0 118 33 0 0 
0 0 0 0 1 0 0 0 
59.379 285.913 0.942912 -1.77705

138 0 0 0 1 0 0 33 79 0 0 37 138 0 0 12 0 0 0 17 
133 0 0 0 0 0 0 0 1 0 0 0 138 7 0 1 8 0 0 35 
64 2 0 50 138 3 0 11 0 0 0 20 122 1 0 0 0 0 0 0 
1 0 0 0 138 56 0 0 6 0 0 0 65 19 0 4 138 52 0 0 
0 0 0 1 120 27 0 0 0 0 0 0 0 0 0 0 138 50 0 0 
0 0 0 0 85 30 0 0 138 50 0 0 0 0 0 0 129 45 0 0 
0 0 0 0 2 1 0 0 
221.461 190.427 0.944022 -2.15706

152 1 0 0 5 0 0 3 61 0 0 6 152 0 0 1 0 0 0 1 
109 0 0 0 0 0 0 0 0 0 0 0 152 1 0 0 9 0 0 18 
66 0 0 14 152 1 0 6 0 0 0 5 128 0 0 0 0 0 0 0 
0 0 0 0 152 14 0 0 9 0 0 2 67 3 0 2 152 10 0 0 
0 0 0 0 127 6 0 0 0 0 0 0 0 0 0 0 152 5 0 0 
5 0 0 0 63 1 0 0 152 8 0 0 0 0 0 0 109 5 0 0 
0 0 0 0 0 0 0 0 
229.575 309.324 0.944139 1.85251

139 1 0 0 1 0 0 9 84 0 0 10 139 4 0 4 0 0 0 8 
136 1 0 0 0 0 0 0 1 0 0 0 139 1 0 0 5 0 0 35 
75 0 0 39 139 4 0 12 0 0 0 22 129 1 0 0 0 0 0 0 
1 0 0 0 139 32 0 0 6 1 0 4 72 11 0 3 139 47 0 1 
0 0 0 1 128 21 0 0 0 0 0 0 1 0 0 0 139 46 0 0 
1 0 0 0 74 29 0 0 139 53 0 0 0 0 0 0 116 53 0 0 
0 0 0 0 2 1 0 0 
173.917 343.445 0.945122 2.68938

144 9 0 0 2 0 0 6 70 2 0 4 144 9 0 3 0 0 0 2 
119 6 0 0 0 0 0 0 1 0 0 0 144 3 0 0 5 0 0 25 
78 1 0 26 144 2 0 9 0 0 0 11 139 1 0 0 0 0 0 0 
1 0 0 0 144 22 0 0 4 0 0 3 81 7 0 4 144 25 0 1 
0 0 0 1 140 14 0 0 0 0 0 0 1 0 0 0 144 5 0 0 
2 0 0 9 72 1 0 7 144 6 0 5 0 0 0 3 125 4 0 0 
0 0 0 0 1 0 0 0 
81.603 323.579 0.945626 -2.29488

146 37 0 0 4 1 0 4 57 7 0 5 146 39 0 1 0 0 0 2 
101 15 0 0 0 0 0 0 0 0 0 0 146 3 0 0 6 0 0 25 
76 0 0 29 146 5 0 6 0 0 0 13 132 2 0 0 0 0 0 0 
0 0 0 0 146 23 0 0 6 0 0 2 77 6 0 2 146 28 0 0 
0 0 0 0 138 13 0 0 0 0 0 0 1 0 0 0 146 17 0 0 
2 0 0 0 73 7 0 0 146 17 0 0 0 0 0 0 123 13 0 0 
0 0 0 0 1 0 0 0 
83.5443 184.394 0.948691 2.29678

147 3 0 0 2 0 0 14 78 2 0 14 147 3 0 5 0 0 0 9 
128 2 0 0 0 0 0 0 1 0 0 0 147 1 0 0 6 0 0 26 
77 0 0 28 147 2 0 9 0 0 0 16 131 1 0 0 0 0 0 0 
0 0 0 0 147 10 0 0 7 0 0 2 79 3 0 4 147 17 0 0 
0 0 0 1 133 7 0 0 0 0 0 0 0 0 0 0 147 1 0 1 
6 0 0 23 54 0 0 29 147 1 0 5 0 0 0 11 96 0 0 0 
0 0 0 0 0 0 0 0 
179.944 340.434 0.950095 2.67565

145 0 0 0 2 0 0 11 75 0 0 6 145 0 0 5 0 0 0 3 
127 0 0 0 0 0 0 0 1 0 0 0 145 2 0 0 5 0 0 22 
79 0 0 31 145 1 0 7 0 0 0 12 136 1 0 0 0 0 0 0 
1 0 0 0 145 20 0 0 5 0 0 2 79 6 0 3 145 20 0 0 
0 0 0 1 135 12 0 0 0 0 0 0 1 0 0 0 145 3 0 0 
3 0 0 15 68 0 0 12 145 3 0 6 0 0 0 6 116 2 0 0 
0 0 0 0 1 0 0 0 
194.957 170.521 0.955279 0.31053

145 2 0 0 2 0 0 12 74 1 0 15 145 0 0 4 0 0 0 9 
119 0 0 0 0 0 0 0 1 0 0 0 145 1 0 0 6 0 0 18 
78 0 0 18 145 4 0 5 0 0 0 11 130 1 0 0 0 0 0 0 
0 0 0 0 145 28 0 0 6 0 0 2 75 10 0 1 145 35 0 0 
0 0 0 1 131 15 0 0 0 0 0 0 1 0 0 0 145 23 0 0 
1 0 0 0 78 10 0 0 145 24 0 0 0 0 0 0 128 12 0 0 
0 0 0 0 1 0 0 0 
214.456 330.506 0.955767 -0.319616

138 0 0 0 0 0 0 43 88 0 0 37 138 0 0 25 0 0 0 26 
138 0 0 0 0 0 0 0 2 0 0 0 138 5 0 1 5 0 0 39 
75 1 0 55 138 4 0 15 0 0 0 28 127 2 0 0 0 0 0 0 
1 0 0 0 138 32 0 0 5 0 0 3 81 11 0 5 138 38 0 1 
0 0 0 2 134 21 0 0 0 0 0 0 1 0 0 0 138 3 0 1 
3 0 0 46 60 1 0 42 138 4 0 14 0 0 0 17 109 3 0 0 
0 0 0 0 1 0 0 0 
89.6825 184.04 0.96136 -0.878445

140 11 0 0 2 0 0 5 78 4 0 5 140 9 0 2 0 0 0 3 
122 5 0 0 0 0 0 0 1 0 0 0 140 1 0 0 3 0 0 17 
89 0 0 23 140 2 0 5 0 0 0 11 140 1 0 0 0 0 0 0 
1 0 0 0 140 20 0 0 4 0 0 1 88 7 0 1 140 24 0 0 
0 0 0 0 140 12 0 0 0 0 0 0 1 0 0 0 140 21 0 0 
1 0 0 0 84 11 0 0 140 27 0 0 0 0 0 0 123 20 0 0 
0 0 0 0 1 0 0 0 
69.5701 223.256 0.967512 -1.19229

147 22 0 0 3 0 0 1 65 6 0 1 147 28 0 0 0 0 0 1 
105 10 0 0 0 0 0 0 0 0 0 0 147 2 0 0 6 0 0 28 
80 1 0 26 147 4 0 9 0 0 0 15 129 1 0 0 0 0 0 0 
0 0 0 0 147 7 0 0 7 2 0 8 76 1 0 4 147 48 1 3 
0 0 0 2 124 16 0 0 0 0 0 0 0 0 0 0 147 26 0 0 
2 0 0 0 73 11 0 0 147 41 0 0 0 0 0 0 112 39 0 0 
0 0 0 0 0 2 0 0 
80.4671 329.102 0.974578 0.900553

133 6 0 0 0 0 0 10 91 3 0 11 133 4 0 4 0 0 0 7 
133 5 0 0 0 0 0 0 1 0 0 0 133 3 0 0 4 0 0 35 
85 1 0 40 133 2 0 15 0 0 0 24 133 2 0 0 0 0 0 0 
1 0 0 0 133 45 0 0 3 0 0 2 81 21 0 4 133 51 0 0 
0 0 0 1 126 38 0 0 0 0 0 0 1 0 0 0 133 37 0 0 
0 0 0 0 110 22 0 0 133 33 0 0 0 0 0 0 133 31 0 0 
0 0 0 0 3 0 0 0 
228.666 319.907 0.974821 -0.941407

146 30 0 0 4 0 0 2 63 10 0 3 146 31 0 0 0 0 0 1 
102 13 0 0 0 0 0 0 0 0 0 0 146 3 0 0 5 0 0 17 
87 1 0 23 146 4 0 4 0 0 0 12 135 1 0 0 0 0 0 0 
0 0 0 0 146 23 0 0 5 0 0 2 84 8 0 2 146 31 0 1 
0 0 0 1 134 14 0 0 0 0 0 0 0 0 0 0 146 8 0 0 
2 0 0 19 73 3 0 15 146 8 0 7 0 0 0 9 117 4 0 0 
0 0 0 0 0 0 0 0 
82.0056 327.127 0.977113 0.851771

31 2 0 0 0 0 0 0 156 22 0 0 16 0 0 2 47 4 0 3 
156 19 0 0 0 0 0 1 65 6 0 0 39 0 0 0 0 0 0 4 
156 6 0 1 21 0 0 34 57 1 0 32 156 4 0 7 0 0 0 9 
78 1 0 0 37 7 0 0 0 0 0 0 156 60 0 0 19 2 0 6 
52 15 0 5 156 61 0 1 0 0 0 1 71 24 0 0 10 5 0 0 
0 0 0 0 156 78 0 0 2 0 0 0 81 29 0 0 148 62 0 0 
0 0 0 0 97 34 0 0 
82.0056 327.127 0.977113 -2.297

99 36 0 0 0 0 0 0 143 63 0 0 82 31 0 0 1 0 0 0 
156 80 0 0 0 0 0 0 10 5 0 0 72 26 0 0 0 0 0 1 
156 63 0 1 52 15 0 4 19 2 0 5 156 63 0 0 0 0 0 0 
37 7 0 0 78 1 0 0 0 0 0 8 156 5 0 6 57 1 0 29 
21 0 0 32 156 6 0 1 0 0 0 4 40 0 0 0 63 6 0 0 
0 0 0 0 156 21 0 0 45 4 0 3 17 1 0 2 156 24 0 0 
0 0 0 0 33 3 0 0 
100.083 343.947 0.978187 -2.58162

140 0 0 0 0 0 0 28 97 0 0 33 140 0 0 14 0 0 0 25 
133 0 0 0 0 0 0 0 1 0 0 0 140 1 0 0 4 0 0 30 
85 0 0 36 140 4 0 10 0 0 0 20 129 1 0 0 0 0 0 0 
0 0 0 0 140 18 0 0 5 0 0 1 85 6 0 1 140 24 0 0 
0 0 0 1 133 10 0 0 0 0 0 0 0 0 0 0 140 16 0 0 
2 0 0 0 77 7 0 0 140 20 0 0 0 0 0 0 117 12 0 0 
0 0 0 0 0 0 0 0 
222.844 320.081 0.979109 2.24031

139 9 0 0 1 0 0 7 83 4 0 7 139 8 0 2 0 0 0 4 
125 5 0 0 0 0 0 0 1 0 0 0 139 2 0 0 4 0 0 29 
85 0 0 29 139 2 0 11 0 0 0 17 133 1 0 0 0 0 0 0 
0 0 0 0 139 30 0 0 5 0 0 2 85 11 0 2 139 38 0 1 
0 0 0 1 129 19 0 0 0 0 0 0 0 0 0 0 139 42 0 0 
0 0 0 0 88 28 0 0 139 52 0 0 0 0 0 0 118 49 0 0 
0 0 0 0 1 1 0 0 
105.034 170.01 0.98128 -0.675713

45 12 0 0 0 0 0 0 158 54 0 0 32 6 0 0 22 5 0 0 
158 45 0 0 0 0 0 0 37 7 0 0 50 1 0 0 0 0 0 1 
158 11 0 0 32 0 0 15 44 1 0 8 158 7 0 2 0 0 0 1 
66 2 0 0 46 5 0 0 0 0 0 0 158 44 0 0 25 2 0 4 
45 8 0 3 158 57 0 0 0 0 0 0 63 20 0 0 14 7 0 0 
0 0 0 0 158 77 0 0 3 2 0 0 71 22 0 0 153 77 0 0 
0 0 0 0 86 36 0 0 
105.034 170.01 0.98128 2.47816

83 33 0 0 0 0 0 0 159 76 0 0 68 20 0 0 3 2 0 0 
159 74 0 0 0 0 0 0 15 7 0 0 62 17 0 0 0 0 0 0 
159 53 0 0 44 7 0 4 26 2 0 6 159 40 0 0 0 0 0 0 
47 5 0 0 67 1 0 0 0 0 0 2 159 5 0 3 45 1 0 11 
31 0 0 19 159 9 0 1 0 0 0 2 49 1 0 0 40 7 0 0 
0 0 0 0 159 41 0 0 25 5 0 0 30 5 0 0 159 50 0 0 
0 0 0 0 43 11 0 0 
215.933 325.417 0.983799 2.8041

115 0 0 0 0 0 0 59 98 0 0 65 102 0 0 60 0 0 0 91 
125 0 0 0 0 0 0 4 4 0 0 0 132 4 0 0 3 0 0 45 
86 1 0 64 132 4 0 22 0 0 0 40 130 1 0 0 0 0 0 0 
1 0 0 0 132 37 0 0 3 0 0 3 94 14 0 4 132 39 0 1 
0 0 0 2 132 22 0 0 0 0 0 0 1 0 0 0 132 5 0 0 
1 0 0 29 83 2 0 28 132 6 0 13 0 0 0 14 125 5 0 0 
0 0 0 0 1 0 0 0 
227.367 313.999 0.986558 2.15432

134 0 0 0 0 0 0 44 92 0 0 49 134 0 0 35 0 0 0 61 
118 0 0 0 0 0 0 2 2 0 0 0 134 2 0 0 3 0 0 31 
92 0 0 41 134 3 0 11 0 0 0 24 132 1 0 0 0 0 0 0 
0 0 0 0 134 32 0 0 3 0 0 2 87 14 0 3 134 41 0 0 
0 0 0 1 132 21 0 0 0 0 0 0 1 0 0 0 134 17 0 0 
0 0 0 2 94 9 0 2 134 15 0 1 0 0 0 2 134 10 0 0 
0 0 0 0 1 0 0 0 
71.9302 313.885 0.998424 -2.25132

62 10 0 0 0 0 0 0 167 34 0 0 51 7 0 0 12 2 0 0 
167 35 0 0 0 0 0 0 24 4 0 0 57 7 0 0 0 0 0 0 
167 34 0 0 43 4 0 0 31 2 0 0 167 28 0 0 0 0 0 0 
47 4 0 0 51 2 0 0 0 0 0 0 167 9 0 0 37 1 0 1 
42 1 0 0 167 9 0 0 0 0 0 0 57 2 0 0 35 2 0 0 
0 0 0 0 167 17 0 0 22 2 0 1 38 2 0 0 167 21 0 0 
0 0 0 0 49 4 0 0 
71.9302 313.885 0.998424 0.889835

49 4 0 0 0 0 0 0 167 21 0 0 38 2 0 0 22 2 0 1 
167 17 0 0 0 0 0 0 35 2 0 0 57 2 0 0 0 0 0 0 
167 9 0 0 42 1 0 0 37 1 0 0 167 9 0 0 0 0 0 0 
51 2 0 0 47 4 0 0 0 0 0 0 167 29 0 0 31 2 0 0 
43 4 0 0 167 34 0 0 0 0 0 0 57 7 0 0 24 4 0 0 
0 0 0 0 167 35 0 0 12 2 0 0 51 7 0 0 167 34 0 0 
0 0 0 0 63 10 0 0 
69.0043 310.014 1.00021 -2.20885

41 0 0 0 0 0 0 0 170 1 0 1 29 0 0 6 31 0 0 7 
170 1 0 1 0 0 0 0 43 0 0 0 55 1 0 0 0 0 0 0 
170 6 0 0 40 1 0 11 36 0 0 6 170 9 0 2 0 0 0 0 
52 1 0 0 53 1 0 0 0 0 0 1 170 10 0 2 37 0 0 12 
37 1 0 14 170 6 0 1 0 0 0 1 54 1 0 0 42 2 0 0 
0 0 0 1 170 16 0 0 30 1 0 8 27 2 0 4 170 15 0 1 
0 0 0 0 40 3 0 0 
69.0043 310.014 1.00021 0.932575

40 3 0 0 0 0 0 0 170 15 0 1 27 2 0 4 30 1 0 8 
170 16 0 0 0 0 0 1 42 2 0 0 54 1 0 0 0 0 0 1 
170 6 0 1 37 1 0 13 37 0 0 12 170 10 0 2 0 0 0 1 
53 1 0 0 52 1 0 0 0 0 0 0 170 10 0 2 36 0 0 6 
40 1 0 11 170 6 0 0 0 0 0 0 55 1 0 0 43 0 0 0 
0 0 0 0 170 1 0 1 31 0 0 7 30 0 0 6 170 1 0 1 
0 0 0 0 41 0 0 0 
227.949 317.056 1.00781 -0.88828

30 0 0 0 0 0 0 4 163 3 0 3 19 0 0 30 42 0 0 33 
163 2 0 4 0 0 0 7 52 0 0 0 55 1 0 0 0 0 0 2 
163 9 0 1 39 1 0 16 38 1 0 18 163 11 0 2 0 0 0 4 
52 1 0 0 52 1 0 0 0 0 0 7 163 10 0 3 39 0 0 31 
37 1 0 22 163 8 0 3 0 0 0 3 53 1 0 0 55 0 0 0 
0 0 0 28 163 0 0 18 49 0 0 80 10 0 0 75 163 0 0 4 
0 0 0 7 21 0 0 0 
227.949 317.056 1.00781 2.25105

22 0 0 0 0 0 0 7 163 0 0 4 10 0 0 74 48 0 0 80 
163 0 0 17 0 0 0 28 55 0 0 0 53 1 0 0 0 0 0 3 
163 8 0 3 37 1 0 22 39 0 0 31 163 10 0 3 0 0 0 6 
52 1 0 0 52 1 0 0 0 0 0 4 163 12 0 2 37 1 0 18 
39 1 0 16 163 9 0 1 0 0 0 2 55 1 0 0 51 0 0 0 
0 0 0 7 163 3 0 3 41 0 0 32 19 0 0 30 163 3 0 3 
0 0 0 4 31 0 0 0 
91.1224 179.026 1.01286 2.37866

67 26 0 0 0 0 0 0 163 59 0 0 59 20 0 0 7 2 0 0 
163 58 0 0 0 0 0 0 16 4 0 0 67 9 0 0 0 0 0 0 
163 36 0 0 57 4 0 1 24 2 0 3 163 27 0 0 0 0 0 0 
37 3 0 0 67 0 0 0 0 0 0 4 163 1 0 3 57 0 0 17 
27 0 0 18 163 1 0 1 0 0 0 2 40 0 0 0 59 0 0 0 
0 0 0 10 163 0 0 7 52 0 0 31 13 0 0 29 163 0 0 1 
0 0 0 2 24 0 0 0 
91.1224 179.026 1.01286 -0.751742

22 0 0 0 0 0 0 2 163 0 0 1 12 0 0 33 54 0 0 35 
163 0 0 8 0 0 0 12 61 0 0 0 38 0 0 0 0 0 0 2 
163 1 0 1 26 0 0 23 58 0 0 21 163 1 0 4 0 0 0 5 
68 0 0 0 38 2 0 0 0 0 0 0 163 23 0 0 25 2 0 3 
56 3 0 2 163 31 0 1 0 0 0 0 67 7 0 0 18 4 0 0 
0 0 0 0 163 55 0 0 8 2 0 0 57 17 0 0 163 56 0 0 
0 0 0 0 65 23 0 0 
189.744 166.844 1.05368 0.357474

84 9 0 0 0 0 0 2 155 21 0 0 84 12 0 5 4 0 0 1 
155 27 0 0 0 0 0 0 11 1 0 0 84 14 0 0 0 0 0 1 
155 59 0 1 80 13 0 4 11 3 0 6 155 51 0 0 0 0 0 0 
22 3 0 0 75 2 0 0 0 0 0 10 155 10 0 10 75 1 0 32 
15 0 0 41 155 4 0 1 0 0 0 3 23 0 0 0 80 0 0 0 
0 0 0 11 155 0 0 10 85 0 0 29 4 0 0 30 155 0 0 0 
0 0 0 2 10 0 0 0 
61.6893 236.813 1.0547 1.89987

49 4 0 0 0 0 0 0 168 27 0 0 42 9 0 1 19 1 0 0 
168 41 0 0 0 0 0 0 24 3 0 0 52 2 0 0 0 0 0 2 
168 17 0 0 46 5 0 16 35 1 0 5 168 19 0 3 0 0 0 1 
44 1 0 0 54 0 0 0 0 0 0 2 168 14 0 5 48 0 0 9 
33 3 0 22 168 1 0 0 0 0 0 3 41 0 0 0 48 0 0 0 
0 0 0 7 168 0 0 5 48 0 0 33 18 0 0 31 168 0 0 2 
0 0 0 3 23 0 0 0 
61.6893 236.813 1.0547 -1.23404

22 0 0 0 0 0 0 3 168 0 0 2 16 0 0 33 50 0 0 36 
168 0 0 6 0 0 0 8 49 0 0 0 40 0 0 0 0 0 0 3 
168 0 0 0 32 3 0 25 49 0 0 11 168 13 0 5 0 0 0 3 
54 0 0 0 45 1 0 0 0 0 0 1 168 17 0 3 36 1 0 6 
45 4 0 18 168 15 0 0 0 0 0 2 51 2 0 0 26 3 0 0 
0 0 0 0 168 39 0 0 21 1 0 1 41 8 0 2 168 25 0 0 
0 0 0 0 47 4 0 0 
78.3335 323.081 1.05801 -2.24711

36 1 0 0 0 0 0 6 168 4 0 5 33 0 0 36 29 0 0 36 
168 5 0 3 0 0 0 4 32 0 0 0 63 3 0 0 0 0 0 2 
168 10 0 2 60 3 0 15 26 0 0 16 168 13 0 1 0 0 0 1 
33 1 0 0 61 3 0 0 0 0 0 1 168 14 0 2 59 2 0 4 
28 1 0 8 168 15 0 0 0 0 0 0 34 2 0 0 35 5 0 0 
0 0 0 0 168 32 0 0 32 4 0 0 30 3 0 0 168 33 0 0 
0 0 0 0 34 5 0 0 
78.3335 323.081 1.05801 0.878925

36 6 0 0 0 0 0 0 168 38 0 0 33 4 0 0 28 4 0 0 
168 37 0 0 0 0 0 0 32 6 0 0 35 2 0 0 0 0 0 0 
168 19 0 0 30 1 0 5 57 2 0 2 168 18 0 1 0 0 0 0 
60 3 0 0 32 1 0 0 0 0 0 1 168 17 0 1 25 0 0 13 
62 3 0 12 168 14 0 2 0 0 0 2 64 4 0 0 29 0 0 0 
0 0 0 3 168 6 0 2 26 0 0 31 37 1 0 31 168 5 0 5 
0 0 0 5 40 1 0 0 
225.641 201.919 1.07252 -2.098

21 0 0 0 0 0 0 2 167 2 0 2 14 0 0 34 53 0 0 40 
167 2 0 8 0 0 0 9 52 0 0 0 32 0 0 0 0 0 0 1 
167 5 0 1 27 0 0 16 62 0 0 14 167 6 0 3 0 0 0 2 
61 1 0 0 30 3 0 0 0 0 0 0 167 29 0 1 25 1 0 5 
60 5 0 8 167 21 0 1 0 0 0 1 60 5 0 0 18 1 0 0 
0 0 0 0 167 10 0 0 14 0 0 6 62 1 0 6 167 10 0 2 
0 0 0 1 58 2 0 0 
225.641 201.919 1.07252 1.04266

58 2 0 0 0 0 0 1 167 10 0 2 62 1 0 6 14 0 0 6 
167 10 0 0 0 0 0 0 18 1 0 0 60 5 0 0 0 0 0 1 
167 21 0 1 60 5 0 8 25 1 0 5 167 29 0 1 0 0 0 0 
30 3 0 0 61 1 0 0 0 0 0 2 167 6 0 3 61 0 0 14 
27 0 0 16 167 6 0 1 0 0 0 1 32 0 0 0 51 0 0 0 
0 0 0 9 167 2 0 8 52 0 0 40 15 0 0 34 167 2 0 2 
0 0 0 2 21 0 0 0 
72.2855 214.4 1.59725 2.07728

2 0 0 0 0 0 0 1 135 0 0 0 0 0 0 52 105 0 0 32 
147 0 0 34 0 0 0 19 86 0 0 0 17 0 0 0 0 0 0 9 
147 9 0 0 12 3 2 147 53 3 0 34 147 15 3 55 0 0 0 14 
79 1 0 0 24 7 0 0 0 0 0 2 147 101 1 3 16 1 0 21 
57 29 1 19 147 8 0 5 0 0 0 3 79 1 0 0 11 1 0 0 
0 0 0 0 147 14 0 2 10 0 0 11 70 5 0 33 147 0 0 1 
0 0 0 6 51 0 0 0 
